X
0
0.016765873
0.033531746
0.050297619
0.067063492
0.083829365
0.100595238
0.117361111
0.134126984
0.150892857
0.16765873
0.184424603
0.201190476
0.217956349
0.234722222
0.251488095
0.268253968
0.285019841
0.301785714
0.318551587
0.33531746
0.352083333
0.368849206
0.385615079
0.402380952
0.419146825
0.435912698
0.452678571
0.469444444
0.486210317
0.50297619
0.519742063
0.536507937
0.55327381
0.570039683
0.586805556
0.603571429
0.620337302
0.637103175
0.653869048
0.670634921
0.687400794
0.704166667
0.72093254
0.737698413
0.754464286
0.771230159
0.787996032
0.804761905
0.821527778
0.838293651
0.855059524
0.871825397
0.88859127
0.905357143
0.922123016
0.938888889
0.955654762
0.972420635
0.989186508
1.005952381
1.022718254
1.039484127
1.05625
1.073015873
1.089781746
1.106547619
1.123313492
1.140079365
1.156845238
1.173611111
1.190376984
1.207142857
1.22390873
1.240674603
1.257440476
1.274206349
1.290972222
1.307738095
1.324503968
1.341269841
1.358035714
1.374801587
1.39156746
1.408333333
1.425099206
1.441865079
1.458630952
1.475396825
1.492162698
1.508928571
1.525694444
1.542460317
1.55922619
1.575992063
1.592757937
1.60952381
1.626289683
1.643055556
1.659821429
1.676587302
1.693353175
1.710119048
1.726884921
1.743650794
1.760416667
1.77718254
1.793948413
1.810714286
1.827480159
1.844246032
1.861011905
1.877777778
1.894543651
1.911309524
1.928075397
1.94484127
1.961607143
1.978373016
1.995138889
2.011904762
2.028670635
2.045436508
2.062202381
2.078968254
2.095734127
2.1125
2.129265873
2.146031746
2.162797619
2.179563492
2.196329365
2.213095238
2.229861111
2.246626984
2.263392857
2.28015873
2.296924603
2.313690476
2.330456349
2.347222222
2.363988095
2.380753968
2.397519841
2.414285714
2.431051587
2.44781746
2.464583333
2.481349206
2.498115079
2.514880952
2.531646825
2.548412698
2.565178571
2.581944444
2.598710317
2.61547619
2.632242063
2.649007937
2.66577381
2.682539683
2.699305556
2.716071429
2.732837302
2.749603175
2.766369048
2.783134921
2.799900794
2.816666667
2.83343254
2.850198413
2.866964286
2.883730159
2.900496032
2.917261905
2.934027778
2.950793651
2.967559524
2.984325397
3.00109127
3.017857143
3.034623016
3.051388889
3.068154762
3.084920635
3.101686508
3.118452381
3.135218254
3.151984127
3.16875
3.185515873
3.202281746
3.219047619
3.235813492
3.252579365
3.269345238
3.286111111
3.302876984
3.319642857
3.33640873
3.353174603
3.369940476
3.386706349
3.403472222
3.420238095
3.437003968
3.453769841
3.470535714
3.487301587
3.50406746
3.520833333
3.537599206
3.554365079
3.571130952
3.587896825
3.604662698
3.621428571
3.638194444
3.654960317
3.67172619
3.688492063
3.705257937
3.72202381
3.738789683
3.755555556
3.772321429
3.789087302
3.805853175
3.822619048
3.839384921
3.856150794
3.872916667
3.88968254
3.906448413
3.923214286
3.939980159
3.956746032
3.973511905
3.990277778
4.007043651
4.023809524
4.040575397
4.05734127
4.074107143
4.090873016
4.107638889
4.124404762
4.141170635
4.157936508
4.174702381
4.191468254
4.208234127
4.225
4.241765873
4.258531746
4.275297619
4.292063492
4.308829365
4.325595238
4.342361111
4.359126984
4.375892857
4.39265873
4.409424603
4.426190476
4.442956349
4.459722222
4.476488095
4.493253968
4.510019841
4.526785714
4.543551587
4.56031746
4.577083333
4.593849206
4.610615079
4.627380952
4.644146825
4.660912698
4.677678571
4.694444444
4.711210317
4.72797619
4.744742063
4.761507937
4.77827381
4.795039683
4.811805556
4.828571429
4.845337302
4.862103175
4.878869048
4.895634921
4.912400794
4.929166667
4.94593254
4.962698413
4.979464286
4.996230159
5.012996032
5.029761905
5.046527778
5.063293651
5.080059524
5.096825397
5.11359127
5.130357143
5.147123016
5.163888889
5.180654762
5.197420635
5.214186508
5.230952381
5.247718254
5.264484127
5.28125
5.298015873
5.314781746
5.331547619
5.348313492
5.365079365
5.381845238
5.398611111
5.415376984
5.432142857
5.44890873
5.465674603
5.482440476
5.499206349
5.515972222
5.532738095
5.549503968
5.566269841
5.583035714
5.599801587
5.61656746
5.633333333
5.650099206
5.666865079
5.683630952
5.700396825
5.717162698
5.733928571
5.750694444
5.767460317
5.78422619
5.800992063
5.817757937
5.83452381
5.851289683
5.868055556
5.884821429
5.901587302
5.918353175
5.935119048
5.951884921
5.968650794
5.985416667
6.00218254
6.018948413
6.035714286
6.052480159
6.069246032
6.086011905
6.102777778
6.119543651
6.136309524
6.153075397
6.16984127
6.186607143
6.203373016
6.220138889
6.236904762
6.253670635
6.270436508
6.287202381
6.303968254
6.320734127
6.3375
6.354265873
6.371031746
6.387797619
6.404563492
6.421329365
6.438095238
6.454861111
6.471626984
6.488392857
6.50515873
6.521924603
6.538690476
6.555456349
6.572222222
6.588988095
6.605753968
6.622519841
6.639285714
6.656051587
6.67281746
6.689583333
6.706349206
6.723115079
6.739880952
6.756646825
6.773412698
6.790178571
6.806944444
6.823710317
6.84047619
6.857242063
6.874007937
6.89077381
6.907539683
6.924305556
6.941071429
6.957837302
6.974603175
6.991369048
7.008134921
7.024900794
7.041666667
7.05843254
7.075198413
7.091964286
7.108730159
7.125496032
7.142261905
7.159027778
7.175793651
7.192559524
7.209325397
7.22609127
7.242857143
7.259623016
7.276388889
7.293154762
7.309920635
7.326686508
7.343452381
7.360218254
7.376984127
7.39375
7.410515873
7.427281746
7.444047619
7.460813492
7.477579365
7.494345238
7.511111111
7.527876984
7.544642857
7.56140873
7.578174603
7.594940476
7.611706349
7.628472222
7.645238095
7.662003968
7.678769841
7.695535714
7.712301587
7.72906746
7.745833333
7.762599206
7.779365079
7.796130952
7.812896825
7.829662698
7.846428571
7.863194444
7.879960317
7.89672619
7.913492063
7.930257937
7.94702381
7.963789683
7.980555556
7.997321429
8.014087302
8.030853175
8.047619048
8.064384921
8.081150794
8.097916667
8.11468254
8.131448413
8.148214286
8.164980159
8.181746032
8.198511905
8.215277778
8.232043651
8.248809524
8.265575397
8.28234127
8.299107143
8.315873016
8.332638889
8.349404762
8.366170635
8.382936508
8.399702381
8.416468254
8.433234127
8.45
8.466765873
8.483531746
8.500297619
8.517063492
8.533829365
8.550595238
8.567361111
8.584126984
8.600892857
8.61765873
8.634424603
8.651190476
8.667956349
8.684722222
8.701488095
8.718253968
8.735019841
8.751785714
8.768551587
8.78531746
8.802083333
8.818849206
8.835615079
8.852380952
8.869146825
8.885912698
8.902678571
8.919444444
8.936210317
8.95297619
8.969742063
8.986507937
9.00327381
9.020039683
9.036805556
9.053571429
9.070337302
9.087103175
9.103869048
9.120634921
9.137400794
9.154166667
9.17093254
9.187698413
9.204464286
9.221230159
9.237996032
9.254761905
9.271527778
9.288293651
9.305059524
9.321825397
9.33859127
9.355357143
9.372123016
9.388888889
9.405654762
9.422420635
9.439186508
9.455952381
9.472718254
9.489484127
9.50625
9.523015873
9.539781746
9.556547619
9.573313492
9.590079365
9.606845238
9.623611111
9.640376984
9.657142857
9.67390873
9.690674603
9.707440476
9.724206349
9.740972222
9.757738095
9.774503968
9.791269841
9.808035714
9.824801587
9.84156746
9.858333333
9.875099206
9.891865079
9.908630952
9.925396825
9.942162698
9.958928571
9.975694444
9.992460317
10.00922619
10.02599206
10.04275794
10.05952381
10.07628968
10.09305556
10.10982143
10.1265873
10.14335317
10.16011905
10.17688492
10.19365079
10.21041667
10.22718254
10.24394841
10.26071429
10.27748016
10.29424603
10.3110119
10.32777778
10.34454365
10.36130952
10.3780754
10.39484127
10.41160714
10.42837302
10.44513889
10.46190476
10.47867063
10.49543651
10.51220238
10.52896825
10.54573413
10.5625
10.57926587
10.59603175
10.61279762
10.62956349
10.64632937
10.66309524
10.67986111
10.69662698
10.71339286
10.73015873
10.7469246
10.76369048
10.78045635
10.79722222
10.8139881
10.83075397
10.84751984
10.86428571
10.88105159
10.89781746
10.91458333
10.93134921
10.94811508
10.96488095
10.98164683
10.9984127
11.01517857
11.03194444
11.04871032
11.06547619
11.08224206
11.09900794
11.11577381
11.13253968
11.14930556
11.16607143
11.1828373
11.19960317
11.21636905
11.23313492
11.24990079
11.26666667
11.28343254
11.30019841
11.31696429
11.33373016
11.35049603
11.3672619
11.38402778
11.40079365
11.41755952
11.4343254
11.45109127
11.46785714
11.48462302
11.50138889
11.51815476
11.53492063
11.55168651
11.56845238
11.58521825
11.60198413
11.61875
11.63551587
11.65228175
11.66904762
11.68581349
11.70257937
11.71934524
11.73611111
11.75287698
11.76964286
11.78640873
11.8031746
11.81994048
11.83670635
11.85347222
11.8702381
11.88700397
11.90376984
11.92053571
11.93730159
11.95406746
11.97083333
11.98759921
12.00436508
12.02113095
12.03789683
12.0546627
12.07142857
12.08819444
12.10496032
12.12172619
12.13849206
12.15525794
12.17202381
12.18878968
12.20555556
12.22232143
12.2390873
12.25585317
12.27261905
12.28938492
12.30615079
12.32291667
12.33968254
12.35644841
12.37321429
12.38998016
12.40674603
12.4235119
12.44027778
12.45704365
12.47380952
12.4905754
12.50734127
12.52410714
12.54087302
12.55763889
12.57440476
12.59117063
12.60793651
12.62470238
12.64146825
12.65823413
12.675
12.69176587
12.70853175
12.72529762
12.74206349
12.75882937
12.77559524
12.79236111
12.80912698
12.82589286
12.84265873
12.8594246
12.87619048
12.89295635
12.90972222
12.9264881
12.94325397
12.96001984
12.97678571
12.99355159
13.01031746
13.02708333
13.04384921
13.06061508
13.07738095
13.09414683
13.1109127
13.12767857
13.14444444
13.16121032
13.17797619
13.19474206
13.21150794
13.22827381
13.24503968
13.26180556
13.27857143
13.2953373
13.31210317
13.32886905
13.34563492
13.36240079
13.37916667
13.39593254
13.41269841
13.42946429
13.44623016
13.46299603
13.4797619
13.49652778
13.51329365
13.53005952
13.5468254
13.56359127
13.58035714
13.59712302
13.61388889
13.63065476
13.64742063
13.66418651
13.68095238
13.69771825
13.71448413
13.73125
13.74801587
13.76478175
13.78154762
13.79831349
13.81507937
13.83184524
13.84861111
13.86537698
13.88214286
13.89890873
13.9156746
13.93244048
13.94920635
13.96597222
13.9827381
13.99950397
14.01626984
14.03303571
14.04980159
14.06656746
14.08333333
14.10009921
14.11686508
14.13363095
14.15039683
14.1671627
14.18392857
14.20069444
14.21746032
14.23422619
14.25099206
14.26775794
14.28452381
14.30128968
14.31805556
14.33482143
14.3515873
14.36835317
14.38511905
14.40188492
14.41865079
14.43541667
14.45218254
14.46894841
14.48571429
14.50248016
14.51924603
14.5360119
14.55277778
14.56954365
14.58630952
14.6030754
14.61984127
14.63660714
14.65337302
14.67013889
14.68690476
14.70367063
14.72043651
14.73720238
14.75396825
14.77073413
14.7875
14.80426587
14.82103175
14.83779762
14.85456349
14.87132937
14.88809524
14.90486111
14.92162698
14.93839286
14.95515873
14.9719246
14.98869048
15.00545635
15.02222222
15.0389881
15.05575397
15.07251984
15.08928571
15.10605159
15.12281746
15.13958333
15.15634921
15.17311508
15.18988095
15.20664683
15.2234127
15.24017857
15.25694444
15.27371032
15.29047619
15.30724206
15.32400794
15.34077381
15.35753968
15.37430556
15.39107143
15.4078373
15.42460317
15.44136905
15.45813492
15.47490079
15.49166667
15.50843254
15.52519841
15.54196429
15.55873016
15.57549603
15.5922619
15.60902778
15.62579365
15.64255952
15.6593254
15.67609127
15.69285714
15.70962302
15.72638889
15.74315476
15.75992063
15.77668651
15.79345238
15.81021825
15.82698413
15.84375
15.86051587
15.87728175
15.89404762
15.91081349
15.92757937
15.94434524
15.96111111
15.97787698
15.99464286
16.01140873
16.0281746
16.04494048
16.06170635
16.07847222
16.0952381
16.11200397
16.12876984
16.14553571
16.16230159
16.17906746
16.19583333
16.21259921
16.22936508
16.24613095
16.26289683
16.2796627
16.29642857
16.31319444
16.32996032
16.34672619
16.36349206
16.38025794
16.39702381
16.41378968
16.43055556
16.44732143
16.4640873
16.48085317
16.49761905
16.51438492
16.53115079
16.54791667
16.56468254
16.58144841
16.59821429
16.61498016
16.63174603
16.6485119
16.66527778
16.68204365
16.69880952
16.7155754
16.73234127
16.74910714
16.76587302
16.78263889
16.79940476
16.81617063
16.83293651
16.84970238
16.86646825
16.88323413
Y
0.114285714
0.114285714
0.152380952
0.228571429
0.266666667
0.342857143
0.380952381
0.419047619
0.495238095
0.533333333
0.571428572
0.60952381
0.685714286
0.723809524
0.761904762
0.8
0.8
0.8
0.8
0.8
0.8
0.761904762
0.761904762
0.723809524
0.685714286
0.647619048
0.60952381
0.533333333
0.495238095
0.457142857
0.419047619
0.342857143
0.304761905
0.266666667
0.228571429
0.190476191
0.152380952
0.114285714
0.076190476
0.038095238
0.038095238
0
0
-0.038095238
-0.038095238
-0.038095238
-0.038095238
-0.038095238
0
0
0.038095238
0.076190476
0.114285714
0.190476191
0.228571429
0.266666667
0.342857143
0.380952381
0.457142857
0.495238095
0.533333333
0.60952381
0.647619048
0.685714286
0.723809524
0.761904762
0.8
0.8
0.8
0.8
0.8
0.8
0.761904762
0.761904762
0.723809524
0.685714286
0.647619048
0.60952381
0.571428572
0.533333333
0.495238095
0.457142857
0.419047619
0.380952381
0.342857143
0.304761905
0.266666667
0.228571429
0.190476191
0.152380952
0.152380952
0.114285714
0.114285714
0.076190476
0.076190476
0.076190476
0.076190476
0.076190476
0.076190476
0.114285714
0.152380952
0.190476191
0.228571429
0.266666667
0.304761905
0.342857143
0.380952381
0.457142857
0.495238095
0.533333333
0.571428572
0.60952381
0.647619048
0.685714286
0.723809524
0.761904762
0.761904762
0.761904762
0.761904762
0.761904762
0.761904762
0.723809524
0.723809524
0.685714286
0.647619048
0.60952381
0.571428572
0.533333333
0.495238095
0.457142857
0.419047619
0.380952381
0.342857143
0.304761905
0.266666667
0.228571429
0.190476191
0.152380952
0.114285714
0.114285714
0.076190476
0.038095238
0.038095238
0.038095238
0.038095238
0.038095238
0.038095238
0.038095238
0.076190476
0.114285714
0.152380952
0.190476191
0.228571429
0.266666667
0.342857143
0.380952381
0.457142857
0.495238095
0.533333333
0.60952381
0.647619048
0.685714286
0.761904762
0.8
0.838095238
0.876190476
0.876190476
0.876190476
0.876190476
0.876190476
0.876190476
0.876190476
0.838095238
0.8
0.761904762
0.723809524
0.685714286
0.647619048
0.60952381
0.571428572
0.533333333
0.495238095
0.457142857
0.419047619
0.380952381
0.342857143
0.304761905
0.266666667
0.228571429
0.228571429
0.190476191
0.190476191
0.152380952
0.152380952
0.152380952
0.152380952
0.152380952
0.152380952
0.190476191
0.190476191
0.228571429
0.266666667
0.304761905
0.342857143
0.380952381
0.419047619
0.457142857
0.495238095
0.533333333
0.571428572
0.60952381
0.647619048
0.685714286
0.723809524
0.723809524
0.723809524
0.723809524
0.723809524
0.723809524
0.723809524
0.685714286
0.685714286
0.647619048
0.60952381
0.571428572
0.533333333
0.495238095
0.457142857
0.419047619
0.342857143
0.304761905
0.266666667
0.228571429
0.190476191
0.152380952
0.114285714
0.076190476
0.076190476
0.038095238
0
0
0
0
0
0
0
0
0.038095238
0.076190476
0.114285714
0.152380952
0.190476191
0.228571429
0.304761905
0.342857143
0.419047619
0.457142857
0.533333333
0.571428572
0.647619048
0.685714286
0.723809524
0.8
0.838095238
0.876190476
0.914285714
0.914285714
0.914285714
0.914285714
0.914285714
0.914285714
0.876190476
0.838095238
0.8
0.761904762
0.723809524
0.685714286
0.647619048
0.60952381
0.533333333
0.495238095
0.457142857
0.419047619
0.380952381
0.342857143
0.304761905
0.266666667
0.228571429
0.190476191
0.152380952
0.114285714
0.114285714
0.076190476
0.076190476
0.076190476
0.076190476
0.076190476
0.076190476
0.114285714
0.152380952
0.152380952
0.190476191
0.228571429
0.266666667
0.304761905
0.342857143
0.380952381
0.457142857
0.495238095
0.533333333
0.571428572
0.60952381
0.647619048
0.685714286
0.723809524
0.723809524
0.723809524
0.723809524
0.723809524
0.723809524
0.723809524
0.723809524
0.685714286
0.647619048
0.60952381
0.571428572
0.533333333
0.495238095
0.457142857
0.419047619
0.380952381
0.342857143
0.304761905
0.266666667
0.228571429
0.228571429
0.190476191
0.152380952
0.114285714
0.114285714
0.076190476
0.076190476
0.076190476
0.076190476
0.076190476
0.076190476
0.076190476
0.076190476
0.114285714
0.152380952
0.152380952
0.190476191
0.228571429
0.266666667
0.304761905
0.380952381
0.419047619
0.457142857
0.495238095
0.571428572
0.60952381
0.647619048
0.685714286
0.723809524
0.761904762
0.8
0.8
0.8
0.8
0.8
0.8
0.8
0.761904762
0.723809524
0.685714286
0.647619048
0.60952381
0.571428572
0.533333333
0.495238095
0.457142857
0.419047619
0.342857143
0.304761905
0.266666667
0.228571429
0.190476191
0.152380952
0.114285714
0.076190476
0.038095238
0.038095238
0
0
0
0
0
0
0.038095238
0.038095238
0.076190476
0.114285714
0.152380952
0.190476191
0.228571429
0.304761905
0.342857143
0.380952381
0.457142857
0.495238095
0.533333333
0.571428572
0.60952381
0.647619048
0.685714286
0.723809524
0.761904762
0.761904762
0.761904762
0.761904762
0.761904762
0.761904762
0.723809524
0.723809524
0.685714286
0.647619048
0.60952381
0.571428572
0.533333333
0.495238095
0.457142857
0.419047619
0.380952381
0.342857143
0.304761905
0.266666667
0.228571429
0.190476191
0.152380952
0.152380952
0.114285714
0.114285714
0.076190476
0.076190476
0.076190476
0.076190476
0.076190476
0.076190476
0.076190476
0.114285714
0.114285714
0.152380952
0.190476191
0.228571429
0.266666667
0.304761905
0.342857143
0.380952381
0.419047619
0.457142857
0.495238095
0.533333333
0.571428572
0.60952381
0.647619048
0.647619048
0.647619048
0.647619048
0.647619048
0.647619048
0.647619048
0.647619048
0.60952381
0.571428572
0.533333333
0.495238095
0.457142857
0.419047619
0.380952381
0.342857143
0.266666667
0.228571429
0.190476191
0.152380952
0.114285714
0.076190476
0.038095238
0
-0.038095238
-0.076190476
-0.076190476
-0.114285714
-0.114285714
-0.114285714
-0.114285714
-0.114285714
-0.114285714
-0.114285714
-0.076190476
-0.038095238
0
0.038095238
0.076190476
0.114285714
0.152380952
0.228571429
0.266666667
0.342857143
0.380952381
0.457142857
0.495238095
0.571428572
0.60952381
0.685714286
0.723809524
0.761904762
0.8
0.838095238
0.838095238
0.838095238
0.838095238
0.838095238
0.838095238
0.8
0.8
0.761904762
0.723809524
0.685714286
0.647619048
0.60952381
0.571428572
0.533333333
0.495238095
0.457142857
0.380952381
0.342857143
0.304761905
0.266666667
0.228571429
0.190476191
0.152380952
0.114285714
0.076190476
0.076190476
0.038095238
0.038095238
0.038095238
0.038095238
0.038095238
0.038095238
0.076190476
0.076190476
0.114285714
0.152380952
0.190476191
0.228571429
0.266666667
0.304761905
0.380952381
0.419047619
0.457142857
0.533333333
0.571428572
0.60952381
0.647619048
0.685714286
0.723809524
0.761904762
0.761904762
0.761904762
0.761904762
0.761904762
0.761904762
0.723809524
0.723809524
0.685714286
0.647619048
0.60952381
0.571428572
0.533333333
0.457142857
0.419047619
0.380952381
0.342857143
0.266666667
0.228571429
0.190476191
0.152380952
0.114285714
0.076190476
0.038095238
0
0
-0.038095238
-0.038095238
-0.038095238
-0.038095238
-0.038095238
-0.038095238
-0.038095238
0
0.038095238
0.076190476
0.114285714
0.152380952
0.190476191
0.266666667
0.304761905
0.342857143
0.419047619
0.457142857
0.533333333
0.571428572
0.647619048
0.685714286
0.723809524
0.761904762
0.8
0.838095238
0.838095238
0.838095238
0.838095238
0.838095238
0.838095238
0.8
0.8
0.761904762
0.723809524
0.685714286
0.647619048
0.60952381
0.571428572
0.533333333
0.495238095
0.457142857
0.419047619
0.380952381
0.342857143
0.304761905
0.266666667
0.228571429
0.190476191
0.152380952
0.152380952
0.114285714
0.114285714
0.114285714
0.114285714
0.114285714
0.114285714
0.114285714
0.152380952
0.190476191
0.228571429
0.266666667
0.304761905
0.342857143
0.380952381
0.457142857
0.495238095
0.533333333
0.60952381
0.647619048
0.685714286
0.723809524
0.761904762
0.8
0.838095238
0.838095238
0.838095238
0.838095238
0.838095238
0.838095238
0.838095238
0.8
0.761904762
0.723809524
0.685714286
0.647619048
0.60952381
0.571428572
0.533333333
0.457142857
0.419047619
0.380952381
0.342857143
0.304761905
0.266666667
0.228571429
0.190476191
0.152380952
0.114285714
0.076190476
0.076190476
0.038095238
0.038095238
0.038095238
0.038095238
0.038095238
0.038095238
0.076190476
0.076190476
0.114285714
0.152380952
0.190476191
0.228571429
0.266666667
0.342857143
0.380952381
0.419047619
0.495238095
0.533333333
0.571428572
0.647619048
0.685714286
0.723809524
0.761904762
0.8
0.8
0.8
0.8
0.8
0.8
0.8
0.761904762
0.761904762
0.723809524
0.685714286
0.647619048
0.60952381
0.571428572
0.533333333
0.495238095
0.457142857
0.419047619
0.380952381
0.342857143
0.304761905
0.266666667
0.228571429
0.190476191
0.152380952
0.152380952
0.114285714
0.114285714
0.114285714
0.114285714
0.114285714
0.114285714
0.114285714
0.114285714
0.152380952
0.190476191
0.228571429
0.304761905
0.342857143
0.380952381
0.457142857
0.495238095
0.533333333
0.60952381
0.647619048
0.685714286
0.723809524
0.761904762
0.8
0.838095238
0.876190476
0.876190476
0.876190476
0.876190476
0.876190476
0.876190476
0.838095238
0.8
0.761904762
0.723809524
0.685714286
0.647619048
0.60952381
0.571428572
0.533333333
0.457142857
0.419047619
0.380952381
0.342857143
0.266666667
0.228571429
0.190476191
0.152380952
0.114285714
0.076190476
0.038095238
0.038095238
0.038095238
0.038095238
0.038095238
0.038095238
0.038095238
0.076190476
0.114285714
0.152380952
0.190476191
0.228571429
0.304761905
0.342857143
0.380952381
0.419047619
0.457142857
0.533333333
0.571428572
0.647619048
0.685714286
0.761904762
0.8
0.876190476
0.914285714
0.952380953
0.990476191
0.990476191
0.990476191
0.990476191
0.990476191
0.990476191
0.990476191
0.952380953
0.914285714
0.876190476
0.838095238
0.8
0.761904762
0.685714286
0.647619048
0.60952381
0.571428572
0.533333333
0.495238095
0.457142857
0.419047619
0.380952381
0.342857143
0.304761905
0.304761905
0.266666667
0.266666667
0.228571429
0.228571429
0.228571429
0.228571429
0.228571429
0.266666667
0.266666667
0.304761905
0.342857143
0.380952381
0.419047619
0.457142857
0.495238095
0.571428572
0.60952381
0.647619048
0.685714286
0.723809524
0.761904762
0.8
0.838095238
0.876190476
0.876190476
0.876190476
0.876190476
0.876190476
0.876190476
0.838095238
0.838095238
0.8
0.761904762
0.723809524
0.685714286
0.647619048
0.60952381
0.571428572
0.533333333
0.457142857
0.419047619
0.380952381
0.342857143
0.304761905
0.266666667
0.228571429
0.190476191
0.152380952
0.152380952
0.114285714
0.114285714
0.114285714
0.114285714
0.114285714
0.114285714
0.114285714
0.152380952
0.190476191
0.228571429
0.266666667
0.304761905
0.380952381
0.419047619
0.495238095
0.571428572
0.60952381
0.685714286
0.723809524
0.761904762
0.838095238
0.876190476
0.914285714
0.952380953
0.990476191
1.028571429
1.028571429
1.028571429
1.028571429
1.028571429
1.028571429
0.990476191
0.952380953
0.914285714
0.876190476
0.838095238
0.8
0.761904762
0.723809524
0.685714286
0.647619048
0.60952381
0.571428572
0.533333333
0.495238095
0.457142857
0.419047619
0.380952381
0.342857143
0.342857143
0.304761905
0.304761905
0.266666667
0.266666667
0.266666667
0.266666667
0.266666667
0.266666667
0.304761905
0.304761905
0.342857143
0.380952381
0.419047619
0.457142857
0.495238095
0.533333333
0.571428572
0.647619048
0.685714286
0.723809524
0.761904762
0.8
0.838095238
0.838095238
0.838095238
0.838095238
0.838095238
0.838095238
0.838095238
0.8
0.8
0.761904762
0.723809524
0.685714286
0.647619048
0.60952381
0.571428572
0.495238095
0.457142857
0.419047619
0.380952381
0.342857143
0.304761905
0.266666667
0.228571429
0.190476191
0.152380952
0.152380952
0.114285714
0.114285714
0.076190476
0.076190476
0.076190476
0.076190476
0.076190476
0.114285714
0.114285714
0.152380952
0.228571429
0.266666667
0.342857143
0.380952381
0.457142857
0.495238095
0.571428572
0.60952381

