X
0
0.024305556
0.048611111
0.072916667
0.097222222
0.121527778
0.145833333
0.170138889
0.194444444
0.21875
0.243055556
0.267361111
0.291666667
0.315972222
0.340277778
0.364583333
0.388888889
0.413194444
0.4375
0.461805556
0.486111111
0.510416667
0.534722222
0.559027778
0.583333333
0.607638889
0.631944444
0.65625
0.680555556
0.704861111
0.729166667
0.753472222
0.777777778
0.802083333
0.826388889
0.850694444
0.875
0.899305556
0.923611111
0.947916667
0.972222222
0.996527778
1.020833333
1.045138889
1.069444444
1.09375
1.118055556
1.142361111
1.166666667
1.190972222
1.215277778
1.239583333
1.263888889
1.288194444
1.3125
1.336805556
1.361111111
1.385416667
1.409722222
1.434027778
1.458333333
1.482638889
1.506944444
1.53125
1.555555556
1.579861111
1.604166667
1.628472222
1.652777778
1.677083333
1.701388889
1.725694444
1.75
1.774305556
1.798611111
1.822916667
1.847222222
1.871527778
1.895833333
1.920138889
1.944444444
1.96875
1.993055556
2.017361111
2.041666667
2.065972222
2.090277778
2.114583333
2.138888889
2.163194444
2.1875
2.211805556
2.236111111
2.260416667
2.284722222
2.309027778
2.333333333
2.357638889
2.381944444
2.40625
2.430555556
2.454861111
2.479166667
2.503472222
2.527777778
2.552083333
2.576388889
2.600694444
2.625
2.649305556
2.673611111
2.697916667
2.722222222
2.746527778
2.770833333
2.795138889
2.819444444
2.84375
2.868055556
2.892361111
2.916666667
2.940972222
2.965277778
2.989583333
3.013888889
3.038194444
3.0625
3.086805556
3.111111111
3.135416667
3.159722222
3.184027778
3.208333333
3.232638889
3.256944444
3.28125
3.305555556
3.329861111
3.354166667
3.378472222
3.402777778
3.427083333
3.451388889
3.475694444
3.5
3.524305556
3.548611111
3.572916667
3.597222222
3.621527778
3.645833333
3.670138889
3.694444444
3.71875
3.743055556
3.767361111
3.791666667
3.815972222
3.840277778
3.864583333
3.888888889
3.913194444
3.9375
3.961805556
3.986111111
4.010416667
4.034722222
4.059027778
4.083333333
4.107638889
4.131944444
4.15625
4.180555556
4.204861111
4.229166667
4.253472222
4.277777778
4.302083333
4.326388889
4.350694444
4.375
4.399305556
4.423611111
4.447916667
4.472222222
4.496527778
4.520833333
4.545138889
4.569444444
4.59375
4.618055556
4.642361111
4.666666667
4.690972222
4.715277778
4.739583333
4.763888889
4.788194444
4.8125
4.836805556
4.861111111
4.885416667
4.909722222
4.934027778
4.958333333
4.982638889
5.006944444
5.03125
5.055555556
5.079861111
5.104166667
5.128472222
5.152777778
5.177083333
5.201388889
5.225694444
5.25
5.274305556
5.298611111
5.322916667
5.347222222
5.371527778
5.395833333
5.420138889
5.444444444
5.46875
5.493055556
5.517361111
5.541666667
5.565972222
5.590277778
5.614583333
5.638888889
5.663194444
5.6875
5.711805556
5.736111111
5.760416667
5.784722222
5.809027778
5.833333333
5.857638889
5.881944444
5.90625
5.930555556
5.954861111
5.979166667
6.003472222
6.027777778
6.052083333
6.076388889
6.100694444
6.125
6.149305556
6.173611111
6.197916667
6.222222222
6.246527778
6.270833333
6.295138889
6.319444444
6.34375
6.368055556
6.392361111
6.416666667
6.440972222
6.465277778
6.489583333
6.513888889
6.538194444
6.5625
6.586805556
6.611111111
6.635416667
6.659722222
6.684027778
6.708333333
6.732638889
6.756944444
6.78125
6.805555556
6.829861111
6.854166667
6.878472222
6.902777778
6.927083333
6.951388889
6.975694444
7
7.024305556
7.048611111
7.072916667
7.097222222
7.121527778
7.145833333
7.170138889
7.194444444
7.21875
7.243055556
7.267361111
7.291666667
7.315972222
7.340277778
7.364583333
7.388888889
7.413194444
7.4375
7.461805556
7.486111111
7.510416667
7.534722222
7.559027778
7.583333333
7.607638889
7.631944444
7.65625
7.680555556
7.704861111
7.729166667
7.753472222
7.777777778
7.802083333
7.826388889
7.850694444
7.875
7.899305556
7.923611111
7.947916667
7.972222222
7.996527778
8.020833333
8.045138889
8.069444444
8.09375
8.118055556
8.142361111
8.166666667
8.190972222
8.215277778
8.239583333
8.263888889
8.288194444
8.3125
8.336805556
8.361111111
8.385416667
8.409722222
8.434027778
8.458333333
8.482638889
8.506944444
8.53125
8.555555556
8.579861111
8.604166667
8.628472222
8.652777778
8.677083333
8.701388889
8.725694444
8.75
8.774305556
8.798611111
8.822916667
8.847222222
8.871527778
8.895833333
8.920138889
8.944444444
8.96875
8.993055556
9.017361111
9.041666667
9.065972222
9.090277778
9.114583333
9.138888889
9.163194444
9.1875
9.211805556
9.236111111
9.260416667
9.284722222
9.309027778
9.333333333
9.357638889
9.381944444
9.40625
9.430555556
9.454861111
9.479166667
9.503472222
9.527777778
9.552083333
9.576388889
9.600694444
9.625
9.649305556
9.673611111
9.697916667
9.722222222
9.746527778
9.770833333
9.795138889
9.819444444
9.84375
9.868055556
9.892361111
9.916666667
9.940972222
9.965277778
9.989583333
10.01388889
10.03819444
10.0625
10.08680556
10.11111111
10.13541667
10.15972222
10.18402778
10.20833333
10.23263889
10.25694444
10.28125
10.30555556
10.32986111
10.35416667
10.37847222
10.40277778
10.42708333
10.45138889
10.47569444
10.5
10.52430556
10.54861111
10.57291667
10.59722222
10.62152778
10.64583333
10.67013889
10.69444444
10.71875
10.74305556
10.76736111
10.79166667
10.81597222
10.84027778
10.86458333
10.88888889
10.91319444
10.9375
10.96180556
10.98611111
11.01041667
11.03472222
11.05902778
11.08333333
11.10763889
11.13194444
11.15625
11.18055556
11.20486111
11.22916667
11.25347222
11.27777778
11.30208333
11.32638889
11.35069444
11.375
11.39930556
11.42361111
11.44791667
11.47222222
11.49652778
11.52083333
11.54513889
11.56944444
11.59375
11.61805556
11.64236111
11.66666667
11.69097222
11.71527778
11.73958333
11.76388889
11.78819444
11.8125
11.83680556
11.86111111
11.88541667
11.90972222
11.93402778
11.95833333
11.98263889
12.00694444
12.03125
12.05555556
12.07986111
12.10416667
12.12847222
12.15277778
12.17708333
12.20138889
12.22569444
12.25
12.27430556
12.29861111
12.32291667
12.34722222
12.37152778
12.39583333
12.42013889
12.44444444
12.46875
12.49305556
12.51736111
12.54166667
12.56597222
12.59027778
12.61458333
12.63888889
12.66319444
12.6875
12.71180556
12.73611111
12.76041667
12.78472222
12.80902778
12.83333333
12.85763889
12.88194444
12.90625
12.93055556
12.95486111
12.97916667
13.00347222
13.02777778
13.05208333
13.07638889
13.10069444
13.125
13.14930556
13.17361111
13.19791667
13.22222222
13.24652778
13.27083333
13.29513889
13.31944444
13.34375
13.36805556
13.39236111
13.41666667
13.44097222
13.46527778
13.48958333
13.51388889
13.53819444
13.5625
13.58680556
13.61111111
13.63541667
13.65972222
13.68402778
13.70833333
13.73263889
13.75694444
13.78125
13.80555556
13.82986111
13.85416667
13.87847222
13.90277778
13.92708333
13.95138889
13.97569444
14
14.02430556
14.04861111
14.07291667
14.09722222
14.12152778
14.14583333
14.17013889
14.19444444
14.21875
14.24305556
14.26736111
14.29166667
14.31597222
14.34027778
14.36458333
14.38888889
14.41319444
14.4375
14.46180556
14.48611111
14.51041667
14.53472222
14.55902778
14.58333333
14.60763889
14.63194444
14.65625
14.68055556
14.70486111
14.72916667
14.75347222
14.77777778
14.80208333
14.82638889
14.85069444
14.875
14.89930556
14.92361111
14.94791667
14.97222222
14.99652778
15.02083333
15.04513889
15.06944444
15.09375
15.11805556
15.14236111
15.16666667
15.19097222
15.21527778
15.23958333
15.26388889
15.28819444
15.3125
15.33680556
15.36111111
15.38541667
15.40972222
15.43402778
15.45833333
15.48263889
15.50694444
15.53125
15.55555556
15.57986111
15.60416667
15.62847222
15.65277778
15.67708333
15.70138889
15.72569444
15.75
15.77430556
15.79861111
15.82291667
15.84722222
15.87152778
15.89583333
15.92013889
15.94444444
15.96875
15.99305556
16.01736111
16.04166667
16.06597222
16.09027778
16.11458333
16.13888889
16.16319444
16.1875
16.21180556
16.23611111
16.26041667
16.28472222
16.30902778
16.33333333
16.35763889
16.38194444
16.40625
16.43055556
16.45486111
16.47916667
16.50347222
16.52777778
16.55208333
16.57638889
16.60069444
16.625
16.64930556
16.67361111
16.69791667
16.72222222
16.74652778
16.77083333
16.79513889
16.81944444
16.84375
16.86805556
16.89236111
16.91666667
16.94097222
16.96527778
16.98958333
17.01388889
17.03819444
17.0625
17.08680556
17.11111111
17.13541667
17.15972222
17.18402778
17.20833333
17.23263889
17.25694444
17.28125
17.30555556
17.32986111
17.35416667
17.37847222
17.40277778
17.42708333
17.45138889
17.47569444
17.5
17.52430556
17.54861111
17.57291667
17.59722222
17.62152778
17.64583333
17.67013889
17.69444444
17.71875
17.74305556
17.76736111
17.79166667
17.81597222
17.84027778
17.86458333
17.88888889
17.91319444
17.9375
17.96180556
17.98611111
18.01041667
18.03472222
18.05902778
18.08333333
18.10763889
18.13194444
18.15625
18.18055556
18.20486111
18.22916667
18.25347222
18.27777778
18.30208333
18.32638889
18.35069444
18.375
18.39930556
18.42361111
18.44791667
18.47222222
18.49652778
18.52083333
18.54513889
18.56944444
18.59375
18.61805556
18.64236111
18.66666667
18.69097222
18.71527778
18.73958333
18.76388889
18.78819444
18.8125
18.83680556
18.86111111
18.88541667
18.90972222
18.93402778
18.95833333
18.98263889
19.00694444
19.03125
19.05555556
19.07986111
19.10416667
19.12847222
19.15277778
19.17708333
19.20138889
19.22569444
19.25
19.27430556
19.29861111
19.32291667
19.34722222
19.37152778
19.39583333
19.42013889
19.44444444
19.46875
19.49305556
19.51736111
19.54166667
19.56597222
19.59027778
19.61458333
19.63888889
19.66319444
19.6875
19.71180556
19.73611111
19.76041667
19.78472222
19.80902778
19.83333333
19.85763889
19.88194444
19.90625
19.93055556
19.95486111
19.97916667
20.00347222
20.02777778
20.05208333
20.07638889
20.10069444
20.125
20.14930556
20.17361111
20.19791667
20.22222222
20.24652778
20.27083333
20.29513889
20.31944444
20.34375
20.36805556
20.39236111
20.41666667
20.44097222
20.46527778
20.48958333
20.51388889
20.53819444
20.5625
20.58680556
20.61111111
20.63541667
20.65972222
20.68402778
20.70833333
20.73263889
20.75694444
20.78125
20.80555556
20.82986111
20.85416667
20.87847222
20.90277778
20.92708333
20.95138889
20.97569444
21
21.02430556
21.04861111
21.07291667
21.09722222
21.12152778
21.14583333
21.17013889
21.19444444
21.21875
21.24305556
21.26736111
21.29166667
21.31597222
21.34027778
21.36458333
21.38888889
21.41319444
21.4375
21.46180556
21.48611111
21.51041667
21.53472222
21.55902778
21.58333333
21.60763889
21.63194444
21.65625
21.68055556
21.70486111
21.72916667
21.75347222
21.77777778
21.80208333
21.82638889
21.85069444
21.875
21.89930556
21.92361111
21.94791667
21.97222222
21.99652778
22.02083333
22.04513889
22.06944444
22.09375
22.11805556
22.14236111
22.16666667
22.19097222
22.21527778
22.23958333
22.26388889
22.28819444
22.3125
22.33680556
22.36111111
22.38541667
22.40972222
22.43402778
22.45833333
22.48263889
22.50694444
22.53125
22.55555556
22.57986111
22.60416667
22.62847222
22.65277778
22.67708333
22.70138889
22.72569444
22.75
22.77430556
22.79861111
22.82291667
22.84722222
22.87152778
22.89583333
22.92013889
22.94444444
22.96875
22.99305556
23.01736111
23.04166667
23.06597222
23.09027778
23.11458333
23.13888889
23.16319444
23.1875
23.21180556
23.23611111
23.26041667
23.28472222
23.30902778
23.33333333
23.35763889
23.38194444
23.40625
23.43055556
23.45486111
23.47916667
23.50347222
23.52777778
23.55208333
23.57638889
23.60069444
23.625
23.64930556
23.67361111
23.69791667
23.72222222
23.74652778
23.77083333
23.79513889
23.81944444
23.84375
23.86805556
23.89236111
23.91666667
23.94097222
23.96527778
23.98958333
24.01388889
24.03819444
24.0625
24.08680556
24.11111111
24.13541667
24.15972222
24.18402778
24.20833333
24.23263889
24.25694444
24.28125
24.30555556
24.32986111
24.35416667
24.37847222
24.40277778
24.42708333
24.45138889
24.47569444
Y
0
0
0
0
0
-0.041666667
-0.083333333
-0.125
-0.166666667
-0.208333334
-0.25
-0.291666667
-0.333333334
-0.375
-0.416666667
-0.458333334
-0.5
-0.541666667
-0.583333334
-0.583333334
-0.625000001
-0.625000001
-0.666666667
-0.666666667
-0.666666667
-0.666666667
-0.666666667
-0.666666667
-0.666666667
-0.666666667
-0.666666667
-0.666666667
-0.625000001
-0.625000001
-0.583333334
-0.583333334
-0.541666667
-0.5
-0.458333334
-0.416666667
-0.375
-0.333333334
-0.291666667
-0.25
-0.166666667
-0.125
-0.083333333
-0.041666667
0
0.041666667
0.083333333
0.083333333
0.083333333
0.083333333
0.083333333
0.083333333
0.041666667
0.041666667
0
-0.041666667
-0.083333333
-0.125
-0.166666667
-0.208333334
-0.25
-0.291666667
-0.291666667
-0.333333334
-0.333333334
-0.375
-0.375
-0.416666667
-0.416666667
-0.416666667
-0.416666667
-0.416666667
-0.416666667
-0.416666667
-0.416666667
-0.416666667
-0.416666667
-0.416666667
-0.416666667
-0.375
-0.375
-0.333333334
-0.333333334
-0.291666667
-0.291666667
-0.25
-0.208333334
-0.166666667
-0.125
-0.083333333
-0.041666667
0
0
0.041666667
0.041666667
0.041666667
0.041666667
0.041666667
0.041666667
0
-0.041666667
-0.083333333
-0.125
-0.166666667
-0.208333334
-0.291666667
-0.333333334
-0.375
-0.458333334
-0.5
-0.541666667
-0.583333334
-0.625000001
-0.666666667
-0.708333334
-0.708333334
-0.750000001
-0.750000001
-0.791666667
-0.791666667
-0.791666667
-0.791666667
-0.791666667
-0.791666667
-0.791666667
-0.791666667
-0.750000001
-0.750000001
-0.708333334
-0.708333334
-0.666666667
-0.625000001
-0.583333334
-0.541666667
-0.5
-0.458333334
-0.416666667
-0.375
-0.291666667
-0.25
-0.208333334
-0.166666667
-0.125
-0.083333333
-0.041666667
-0.041666667
-0.041666667
-0.041666667
-0.041666667
-0.041666667
-0.083333333
-0.125
-0.166666667
-0.208333334
-0.25
-0.291666667
-0.333333334
-0.375
-0.416666667
-0.458333334
-0.5
-0.541666667
-0.583333334
-0.583333334
-0.625000001
-0.625000001
-0.666666667
-0.666666667
-0.666666667
-0.666666667
-0.666666667
-0.666666667
-0.666666667
-0.666666667
-0.666666667
-0.625000001
-0.625000001
-0.583333334
-0.583333334
-0.541666667
-0.5
-0.5
-0.458333334
-0.416666667
-0.375
-0.333333334
-0.291666667
-0.25
-0.208333334
-0.166666667
-0.125
-0.083333333
-0.041666667
0
0
0
0
0
-0.041666667
-0.041666667
-0.083333333
-0.125
-0.166666667
-0.208333334
-0.291666667
-0.333333334
-0.375
-0.416666667
-0.5
-0.541666667
-0.583333334
-0.625000001
-0.666666667
-0.708333334
-0.708333334
-0.750000001
-0.750000001
-0.791666667
-0.791666667
-0.791666667
-0.791666667
-0.791666667
-0.791666667
-0.791666667
-0.791666667
-0.791666667
-0.750000001
-0.750000001
-0.708333334
-0.708333334
-0.666666667
-0.625000001
-0.625000001
-0.583333334
-0.541666667
-0.5
-0.458333334
-0.416666667
-0.375
-0.333333334
-0.291666667
-0.25
-0.208333334
-0.208333334
-0.208333334
-0.208333334
-0.208333334
-0.208333334
-0.208333334
-0.25
-0.291666667
-0.333333334
-0.375
-0.416666667
-0.458333334
-0.5
-0.541666667
-0.583333334
-0.625000001
-0.666666667
-0.708333334
-0.750000001
-0.750000001
-0.791666667
-0.791666667
-0.833333334
-0.833333334
-0.833333334
-0.833333334
-0.833333334
-0.833333334
-0.833333334
-0.833333334
-0.833333334
-0.791666667
-0.791666667
-0.750000001
-0.750000001
-0.708333334
-0.666666667
-0.625000001
-0.583333334
-0.541666667
-0.5
-0.458333334
-0.416666667
-0.375
-0.333333334
-0.291666667
-0.25
-0.208333334
-0.166666667
-0.166666667
-0.166666667
-0.166666667
-0.166666667
-0.166666667
-0.166666667
-0.208333334
-0.25
-0.291666667
-0.333333334
-0.375
-0.416666667
-0.458333334
-0.5
-0.583333334
-0.625000001
-0.666666667
-0.708333334
-0.750000001
-0.750000001
-0.791666667
-0.791666667
-0.833333334
-0.833333334
-0.833333334
-0.833333334
-0.833333334
-0.833333334
-0.833333334
-0.833333334
-0.833333334
-0.833333334
-0.833333334
-0.791666667
-0.791666667
-0.750000001
-0.750000001
-0.708333334
-0.666666667
-0.625000001
-0.625000001
-0.583333334
-0.541666667
-0.5
-0.458333334
-0.416666667
-0.375
-0.375
-0.333333334
-0.333333334
-0.333333334
-0.333333334
-0.333333334
-0.333333334
-0.375
-0.375
-0.416666667
-0.458333334
-0.5
-0.541666667
-0.625000001
-0.666666667
-0.708333334
-0.791666667
-0.833333334
-0.875000001
-0.916666667
-0.958333334
-1.000000001
-1.000000001
-1.041666668
-1.041666668
-1.041666668
-1.041666668
-1.041666668
-1.041666668
-1.041666668
-1.041666668
-1.041666668
-1.000000001
-1.000000001
-0.958333334
-0.958333334
-0.916666667
-0.875000001
-0.833333334
-0.791666667
-0.750000001
-0.708333334
-0.666666667
-0.583333334
-0.541666667
-0.458333334
-0.416666667
-0.333333334
-0.291666667
-0.25
-0.208333334
-0.166666667
-0.125
-0.125
-0.125
-0.125
-0.125
-0.125
-0.166666667
-0.208333334
-0.25
-0.291666667
-0.333333334
-0.375
-0.458333334
-0.5
-0.541666667
-0.583333334
-0.666666667
-0.708333334
-0.750000001
-0.791666667
-0.833333334
-0.833333334
-0.875000001
-0.916666667
-0.916666667
-0.916666667
-0.916666667
-0.916666667
-0.916666667
-0.916666667
-0.916666667
-0.916666667
-0.916666667
-0.875000001
-0.875000001
-0.833333334
-0.791666667
-0.791666667
-0.750000001
-0.708333334
-0.666666667
-0.625000001
-0.583333334
-0.541666667
-0.5
-0.458333334
-0.416666667
-0.375
-0.333333334
-0.291666667
-0.291666667
-0.291666667
-0.291666667
-0.291666667
-0.291666667
-0.333333334
-0.333333334
-0.375
-0.416666667
-0.458333334
-0.5
-0.541666667
-0.625000001
-0.666666667
-0.708333334
-0.750000001
-0.791666667
-0.833333334
-0.875000001
-0.916666667
-0.916666667
-0.958333334
-0.958333334
-0.958333334
-0.958333334
-0.958333334
-0.958333334
-0.958333334
-0.958333334
-0.958333334
-0.916666667
-0.916666667
-0.875000001
-0.875000001
-0.833333334
-0.791666667
-0.750000001
-0.708333334
-0.666666667
-0.625000001
-0.583333334
-0.541666667
-0.5
-0.458333334
-0.416666667
-0.375
-0.333333334
-0.291666667
-0.25
-0.25
-0.25
-0.25
-0.25
-0.25
-0.25
-0.291666667
-0.291666667
-0.333333334
-0.375
-0.416666667
-0.458333334
-0.5
-0.541666667
-0.583333334
-0.625000001
-0.666666667
-0.708333334
-0.750000001
-0.791666667
-0.833333334
-0.833333334
-0.875000001
-0.875000001
-0.916666667
-0.916666667
-0.916666667
-0.916666667
-0.916666667
-0.916666667
-0.916666667
-0.916666667
-0.916666667
-0.875000001
-0.875000001
-0.833333334
-0.833333334
-0.791666667
-0.750000001
-0.708333334
-0.666666667
-0.625000001
-0.583333334
-0.541666667
-0.5
-0.458333334
-0.416666667
-0.375
-0.375
-0.333333334
-0.333333334
-0.333333334
-0.333333334
-0.333333334
-0.333333334
-0.375
-0.375
-0.416666667
-0.458333334
-0.5
-0.541666667
-0.583333334
-0.625000001
-0.708333334
-0.750000001
-0.791666667
-0.833333334
-0.875000001
-0.916666667
-0.958333334
-1.000000001
-1.000000001
-1.041666668
-1.041666668
-1.041666668
-1.041666668
-1.041666668
-1.041666668
-1.041666668
-1.041666668
-1.041666668
-1.000000001
-1.000000001
-0.958333334
-0.958333334
-0.916666667
-0.875000001
-0.833333334
-0.791666667
-0.750000001
-0.708333334
-0.666666667
-0.625000001
-0.583333334
-0.541666667
-0.5
-0.458333334
-0.416666667
-0.375
-0.333333334
-0.333333334
-0.333333334
-0.333333334
-0.333333334
-0.333333334
-0.333333334
-0.375
-0.416666667
-0.458333334
-0.5
-0.541666667
-0.583333334
-0.625000001
-0.666666667
-0.708333334
-0.750000001
-0.791666667
-0.833333334
-0.875000001
-0.916666667
-0.916666667
-0.958333334
-0.958333334
-1.000000001
-1.000000001
-1.000000001
-1.000000001
-1.000000001
-1.000000001
-1.000000001
-1.000000001
-1.000000001
-0.958333334
-0.958333334
-0.916666667
-0.916666667
-0.875000001
-0.833333334
-0.791666667
-0.750000001
-0.708333334
-0.666666667
-0.625000001
-0.583333334
-0.541666667
-0.5
-0.458333334
-0.458333334
-0.458333334
-0.416666667
-0.416666667
-0.416666667
-0.416666667
-0.416666667
-0.458333334
-0.458333334
-0.5
-0.541666667
-0.583333334
-0.625000001
-0.666666667
-0.708333334
-0.750000001
-0.833333334
-0.875000001
-0.916666667
-0.958333334
-1.000000001
-1.041666668
-1.083333334
-1.125000001
-1.125000001
-1.166666668
-1.166666668
-1.166666668
-1.166666668
-1.166666668
-1.166666668
-1.166666668
-1.166666668
-1.166666668
-1.125000001
-1.125000001
-1.083333334
-1.041666668
-1.000000001
-0.958333334
-0.916666667
-0.875000001
-0.833333334
-0.791666667
-0.708333334
-0.666666667
-0.583333334
-0.541666667
-0.458333334
-0.416666667
-0.375
-0.333333334
-0.291666667
-0.25
-0.25
-0.25
-0.25
-0.25
-0.25
-0.25
-0.291666667
-0.291666667
-0.333333334
-0.375
-0.416666667
-0.458333334
-0.5
-0.541666667
-0.583333334
-0.625000001
-0.666666667
-0.708333334
-0.750000001
-0.750000001
-0.791666667
-0.791666667
-0.833333334
-0.833333334
-0.833333334
-0.833333334
-0.833333334
-0.833333334
-0.833333334
-0.833333334
-0.833333334
-0.833333334
-0.833333334
-0.791666667
-0.791666667
-0.750000001
-0.750000001
-0.708333334
-0.708333334
-0.666666667
-0.625000001
-0.583333334
-0.583333334
-0.541666667
-0.5
-0.5
-0.5
-0.5
-0.5
-0.5
-0.5
-0.5
-0.5
-0.541666667
-0.541666667
-0.583333334
-0.625000001
-0.666666667
-0.708333334
-0.750000001
-0.791666667
-0.875000001
-0.916666667
-0.958333334
-1.000000001
-1.041666668
-1.083333334
-1.125000001
-1.166666668
-1.208333334
-1.208333334
-1.250000001
-1.250000001
-1.250000001
-1.250000001
-1.250000001
-1.250000001
-1.250000001
-1.250000001
-1.208333334
-1.208333334
-1.166666668
-1.166666668
-1.125000001
-1.083333334
-1.041666668
-1.000000001
-0.958333334
-0.916666667
-0.833333334
-0.791666667
-0.750000001
-0.666666667
-0.625000001
-0.541666667
-0.5
-0.458333334
-0.416666667
-0.375
-0.333333334
-0.291666667
-0.291666667
-0.291666667
-0.291666667
-0.291666667
-0.291666667
-0.333333334
-0.333333334
-0.375
-0.416666667
-0.458333334
-0.5
-0.541666667
-0.583333334
-0.625000001
-0.666666667
-0.708333334
-0.750000001
-0.750000001
-0.791666667
-0.791666667
-0.833333334
-0.833333334
-0.875000001
-0.875000001
-0.875000001
-0.875000001
-0.875000001
-0.875000001
-0.875000001
-0.875000001
-0.875000001
-0.875000001
-0.875000001
-0.833333334
-0.833333334
-0.791666667
-0.791666667
-0.750000001
-0.750000001
-0.708333334
-0.666666667
-0.666666667
-0.625000001
-0.625000001
-0.625000001
-0.625000001
-0.625000001
-0.625000001
-0.625000001
-0.625000001
-0.625000001
-0.625000001
-0.666666667
-0.708333334
-0.750000001
-0.791666667
-0.833333334
-0.875000001
-0.916666667
-0.958333334
-1.041666668
-1.083333334
-1.125000001
-1.166666668
-1.208333334
-1.250000001
-1.291666668
-1.333333334
-1.333333334
-1.375000001
-1.375000001
-1.375000001
-1.375000001
-1.375000001
-1.375000001
-1.375000001
-1.375000001
-1.375000001
-1.333333334
-1.333333334
-1.291666668
-1.250000001
-1.208333334
-1.166666668
-1.125000001
-1.083333334
-1.041666668
-1.000000001
-0.916666667
-0.875000001
-0.791666667
-0.750000001
-0.666666667
-0.625000001
-0.583333334
-0.5
-0.458333334
-0.416666667
-0.375
-0.333333334
-0.333333334
-0.333333334
-0.333333334
-0.333333334
-0.333333334
-0.375
-0.375
-0.416666667
-0.458333334
-0.458333334
-0.5
-0.541666667
-0.583333334
-0.625000001
-0.666666667
-0.708333334
-0.750000001
-0.750000001
-0.791666667
-0.833333334
-0.833333334
-0.875000001
-0.875000001
-0.875000001
-0.875000001
-0.875000001
-0.875000001
-0.875000001
-0.875000001
-0.875000001
-0.875000001
-0.875000001
-0.875000001
-0.833333334
-0.833333334
-0.791666667
-0.791666667
-0.750000001
-0.750000001
-0.708333334
-0.666666667
-0.666666667
-0.625000001
-0.583333334
-0.583333334
-0.541666667
-0.541666667
-0.541666667
-0.541666667
-0.541666667
-0.541666667
-0.541666667
-0.541666667
-0.583333334
-0.583333334
-0.625000001
-0.666666667
-0.708333334
-0.750000001
-0.791666667
-0.833333334
-0.916666667
-0.958333334
-1.000000001
-1.041666668
-1.083333334
-1.125000001
-1.166666668
-1.166666668
-1.208333334
-1.208333334
-1.208333334
-1.208333334
-1.208333334
-1.208333334
-1.208333334
-1.208333334
-1.208333334
-1.166666668
-1.166666668
-1.125000001
-1.125000001
-1.083333334
-1.041666668
-1.000000001
-0.958333334
-0.916666667
-0.875000001
-0.833333334
-0.791666667
-0.750000001
-0.666666667
-0.625000001
-0.583333334
-0.541666667
-0.5
-0.458333334
-0.416666667
-0.375
-0.375
-0.375
-0.375
-0.375
-0.375
-0.375
-0.416666667
-0.416666667
-0.458333334
-0.5
-0.541666667
-0.583333334
-0.625000001
