X
0
0.021478175
0.042956349
0.064434524
0.085912698
0.107390873
0.128869048
0.150347222
0.171825397
0.193303571
0.214781746
0.236259921
0.257738095
0.27921627
0.300694444
0.322172619
0.343650794
0.365128968
0.386607143
0.408085317
0.429563492
0.451041667
0.472519841
0.493998016
0.51547619
0.536954365
0.55843254
0.579910714
0.601388889
0.622867063
0.644345238
0.665823413
0.687301587
0.708779762
0.730257937
0.751736111
0.773214286
0.79469246
0.816170635
0.83764881
0.859126984
0.880605159
0.902083333
0.923561508
0.945039683
0.966517857
0.987996032
1.009474206
1.030952381
1.052430556
1.07390873
1.095386905
1.116865079
1.138343254
1.159821429
1.181299603
1.202777778
1.224255952
1.245734127
1.267212302
1.288690476
1.310168651
1.331646825
1.353125
1.374603175
1.396081349
1.417559524
1.439037698
1.460515873
1.481994048
1.503472222
1.524950397
1.546428571
1.567906746
1.589384921
1.610863095
1.63234127
1.653819444
1.675297619
1.696775794
1.718253968
1.739732143
1.761210317
1.782688492
1.804166667
1.825644841
1.847123016
1.86860119
1.890079365
1.91155754
1.933035714
1.954513889
1.975992063
1.997470238
2.018948413
2.040426587
2.061904762
2.083382937
2.104861111
2.126339286
2.14781746
2.169295635
2.19077381
2.212251984
2.233730159
2.255208333
2.276686508
2.298164683
2.319642857
2.341121032
2.362599206
2.384077381
2.405555556
2.42703373
2.448511905
2.469990079
2.491468254
2.512946429
2.534424603
2.555902778
2.577380952
2.598859127
2.620337302
2.641815476
2.663293651
2.684771825
2.70625
2.727728175
2.749206349
2.770684524
2.792162698
2.813640873
2.835119048
2.856597222
2.878075397
2.899553571
2.921031746
2.942509921
2.963988095
2.98546627
3.006944444
3.028422619
3.049900794
3.071378968
3.092857143
3.114335317
3.135813492
3.157291667
3.178769841
3.200248016
3.22172619
3.243204365
3.26468254
3.286160714
3.307638889
3.329117063
3.350595238
3.372073413
3.393551587
3.415029762
3.436507937
3.457986111
3.479464286
3.50094246
3.522420635
3.54389881
3.565376984
3.586855159
3.608333333
3.629811508
3.651289683
3.672767857
3.694246032
3.715724206
3.737202381
3.758680556
3.78015873
3.801636905
3.823115079
3.844593254
3.866071429
3.887549603
3.909027778
3.930505952
3.951984127
3.973462302
3.994940476
4.016418651
4.037896825
4.059375
4.080853175
4.102331349
4.123809524
4.145287698
4.166765873
4.188244048
4.209722222
4.231200397
4.252678571
4.274156746
4.295634921
4.317113095
4.33859127
4.360069444
4.381547619
4.403025794
4.424503968
4.445982143
4.467460317
4.488938492
4.510416667
4.531894841
4.553373016
4.57485119
4.596329365
4.61780754
4.639285714
4.660763889
4.682242063
4.703720238
4.725198413
4.746676587
4.768154762
4.789632937
4.811111111
4.832589286
4.85406746
4.875545635
4.89702381
4.918501984
4.939980159
4.961458333
4.982936508
5.004414683
5.025892857
5.047371032
5.068849206
5.090327381
5.111805556
5.13328373
5.154761905
5.176240079
5.197718254
5.219196429
5.240674603
5.262152778
5.283630952
5.305109127
5.326587302
5.348065476
5.369543651
5.391021825
5.4125
5.433978175
5.455456349
5.476934524
5.498412698
5.519890873
5.541369048
5.562847222
5.584325397
5.605803571
5.627281746
5.648759921
5.670238095
5.69171627
5.713194444
5.734672619
5.756150794
5.777628968
5.799107143
5.820585317
5.842063492
5.863541667
5.885019841
5.906498016
5.92797619
5.949454365
5.97093254
5.992410714
6.013888889
6.035367063
6.056845238
6.078323413
6.099801587
6.121279762
6.142757937
6.164236111
6.185714286
6.20719246
6.228670635
6.25014881
6.271626984
6.293105159
6.314583333
6.336061508
6.357539683
6.379017857
6.400496032
6.421974206
6.443452381
6.464930556
6.48640873
6.507886905
6.529365079
6.550843254
6.572321429
6.593799603
6.615277778
6.636755952
6.658234127
6.679712302
6.701190476
6.722668651
6.744146825
6.765625
6.787103175
6.808581349
6.830059524
6.851537698
6.873015873
6.894494048
6.915972222
6.937450397
6.958928571
6.980406746
7.001884921
7.023363095
7.04484127
7.066319444
7.087797619
7.109275794
7.130753968
7.152232143
7.173710317
7.195188492
7.216666667
7.238144841
7.259623016
7.28110119
7.302579365
7.32405754
7.345535714
7.367013889
7.388492063
7.409970238
7.431448413
7.452926587
7.474404762
7.495882937
7.517361111
7.538839286
7.56031746
7.581795635
7.60327381
7.624751984
7.646230159
7.667708333
7.689186508
7.710664683
7.732142857
7.753621032
7.775099206
7.796577381
7.818055556
7.83953373
7.861011905
7.882490079
7.903968254
7.925446429
7.946924603
7.968402778
7.989880952
8.011359127
8.032837302
8.054315476
8.075793651
8.097271825
8.11875
8.140228175
8.161706349
8.183184524
8.204662698
8.226140873
8.247619048
8.269097222
8.290575397
8.312053571
8.333531746
8.355009921
8.376488095
8.39796627
8.419444444
8.440922619
8.462400794
8.483878968
8.505357143
8.526835317
8.548313492
8.569791667
8.591269841
8.612748016
8.63422619
8.655704365
8.67718254
8.698660714
8.720138889
8.741617063
8.763095238
8.784573413
8.806051587
8.827529762
8.849007937
8.870486111
8.891964286
8.91344246
8.934920635
8.95639881
8.977876984
8.999355159
9.020833333
9.042311508
9.063789683
9.085267857
9.106746032
9.128224206
9.149702381
9.171180556
9.19265873
9.214136905
9.235615079
9.257093254
9.278571429
9.300049603
9.321527778
9.343005952
9.364484127
9.385962302
9.407440476
9.428918651
9.450396825
9.471875
9.493353175
9.514831349
9.536309524
9.557787698
9.579265873
9.600744048
9.622222222
9.643700397
9.665178571
9.686656746
9.708134921
9.729613095
9.75109127
9.772569444
9.794047619
9.815525794
9.837003968
9.858482143
9.879960317
9.901438492
9.922916667
9.944394841
9.965873016
9.98735119
10.00882937
10.03030754
10.05178571
10.07326389
10.09474206
10.11622024
10.13769841
10.15917659
10.18065476
10.20213294
10.22361111
10.24508929
10.26656746
10.28804563
10.30952381
10.33100198
10.35248016
10.37395833
10.39543651
10.41691468
10.43839286
10.45987103
10.48134921
10.50282738
10.52430556
10.54578373
10.5672619
10.58874008
10.61021825
10.63169643
10.6531746
10.67465278
10.69613095
10.71760913
10.7390873
10.76056548
10.78204365
10.80352183
10.825
10.84647817
10.86795635
10.88943452
10.9109127
10.93239087
10.95386905
10.97534722
10.9968254
11.01830357
11.03978175
11.06125992
11.0827381
11.10421627
11.12569444
11.14717262
11.16865079
11.19012897
11.21160714
11.23308532
11.25456349
11.27604167
11.29751984
11.31899802
11.34047619
11.36195437
11.38343254
11.40491071
11.42638889
11.44786706
11.46934524
11.49082341
11.51230159
11.53377976
11.55525794
11.57673611
11.59821429
11.61969246
11.64117063
11.66264881
11.68412698
11.70560516
11.72708333
11.74856151
11.77003968
11.79151786
11.81299603
11.83447421
11.85595238
11.87743056
11.89890873
11.9203869
11.94186508
11.96334325
11.98482143
12.0062996
12.02777778
12.04925595
12.07073413
12.0922123
12.11369048
12.13516865
12.15664683
12.178125
12.19960317
12.22108135
12.24255952
12.2640377
12.28551587
12.30699405
12.32847222
12.3499504
12.37142857
12.39290675
12.41438492
12.4358631
12.45734127
12.47881944
12.50029762
12.52177579
12.54325397
12.56473214
12.58621032
12.60768849
12.62916667
12.65064484
12.67212302
12.69360119
12.71507937
12.73655754
12.75803571
12.77951389
12.80099206
12.82247024
12.84394841
12.86542659
12.88690476
12.90838294
12.92986111
12.95133929
12.97281746
12.99429563
13.01577381
13.03725198
13.05873016
13.08020833
13.10168651
13.12316468
13.14464286
13.16612103
13.18759921
13.20907738
13.23055556
13.25203373
13.2735119
13.29499008
13.31646825
13.33794643
13.3594246
13.38090278
13.40238095
13.42385913
13.4453373
13.46681548
13.48829365
13.50977183
13.53125
13.55272817
13.57420635
13.59568452
13.6171627
13.63864087
13.66011905
13.68159722
13.7030754
13.72455357
13.74603175
13.76750992
13.7889881
13.81046627
13.83194444
13.85342262
13.87490079
13.89637897
13.91785714
13.93933532
13.96081349
13.98229167
14.00376984
14.02524802
14.04672619
14.06820437
14.08968254
14.11116071
14.13263889
14.15411706
14.17559524
14.19707341
14.21855159
14.24002976
14.26150794
14.28298611
14.30446429
14.32594246
14.34742063
14.36889881
14.39037698
14.41185516
14.43333333
14.45481151
14.47628968
14.49776786
14.51924603
14.54072421
14.56220238
14.58368056
14.60515873
14.6266369
14.64811508
14.66959325
14.69107143
14.7125496
14.73402778
14.75550595
14.77698413
14.7984623
14.81994048
14.84141865
14.86289683
14.884375
14.90585317
14.92733135
14.94880952
14.9702877
14.99176587
15.01324405
15.03472222
15.0562004
15.07767857
15.09915675
15.12063492
15.1421131
15.16359127
15.18506944
15.20654762
15.22802579
15.24950397
15.27098214
15.29246032
15.31393849
15.33541667
15.35689484
15.37837302
15.39985119
15.42132937
15.44280754
15.46428571
15.48576389
15.50724206
15.52872024
15.55019841
15.57167659
15.59315476
15.61463294
15.63611111
15.65758929
15.67906746
15.70054563
15.72202381
15.74350198
15.76498016
15.78645833
15.80793651
15.82941468
15.85089286
15.87237103
15.89384921
15.91532738
15.93680556
15.95828373
15.9797619
16.00124008
16.02271825
16.04419643
16.0656746
16.08715278
16.10863095
16.13010913
16.1515873
16.17306548
16.19454365
16.21602183
16.2375
16.25897817
16.28045635
16.30193452
16.3234127
16.34489087
16.36636905
16.38784722
16.4093254
16.43080357
16.45228175
16.47375992
16.4952381
16.51671627
16.53819444
16.55967262
16.58115079
16.60262897
16.62410714
16.64558532
16.66706349
16.68854167
16.71001984
16.73149802
16.75297619
16.77445437
16.79593254
16.81741071
16.83888889
16.86036706
16.88184524
16.90332341
16.92480159
16.94627976
16.96775794
16.98923611
17.01071429
17.03219246
17.05367063
17.07514881
17.09662698
17.11810516
17.13958333
17.16106151
17.18253968
17.20401786
17.22549603
17.24697421
17.26845238
17.28993056
17.31140873
17.3328869
17.35436508
17.37584325
17.39732143
17.4187996
17.44027778
17.46175595
17.48323413
17.5047123
17.52619048
17.54766865
17.56914683
17.590625
17.61210317
17.63358135
17.65505952
17.6765377
17.69801587
17.71949405
17.74097222
17.7624504
17.78392857
17.80540675
17.82688492
17.8483631
17.86984127
17.89131944
17.91279762
17.93427579
17.95575397
17.97723214
17.99871032
18.02018849
18.04166667
18.06314484
18.08462302
18.10610119
18.12757937
18.14905754
18.17053571
18.19201389
18.21349206
18.23497024
18.25644841
18.27792659
18.29940476
18.32088294
18.34236111
18.36383929
18.38531746
18.40679563
18.42827381
18.44975198
18.47123016
18.49270833
18.51418651
18.53566468
18.55714286
18.57862103
18.60009921
18.62157738
18.64305556
18.66453373
18.6860119
18.70749008
18.72896825
18.75044643
18.7719246
18.79340278
18.81488095
18.83635913
18.8578373
18.87931548
18.90079365
18.92227183
18.94375
18.96522817
18.98670635
19.00818452
19.0296627
19.05114087
19.07261905
19.09409722
19.1155754
19.13705357
19.15853175
19.18000992
19.2014881
19.22296627
19.24444444
19.26592262
19.28740079
19.30887897
19.33035714
19.35183532
19.37331349
19.39479167
19.41626984
19.43774802
19.45922619
19.48070437
19.50218254
19.52366071
19.54513889
19.56661706
19.58809524
19.60957341
19.63105159
19.65252976
19.67400794
19.69548611
19.71696429
19.73844246
19.75992063
19.78139881
19.80287698
19.82435516
19.84583333
19.86731151
19.88878968
19.91026786
19.93174603
19.95322421
19.97470238
19.99618056
20.01765873
20.0391369
20.06061508
20.08209325
20.10357143
20.1250496
20.14652778
20.16800595
20.18948413
20.2109623
20.23244048
20.25391865
20.27539683
20.296875
20.31835317
20.33983135
20.36130952
20.3827877
20.40426587
20.42574405
20.44722222
20.4687004
20.49017857
20.51165675
20.53313492
20.5546131
20.57609127
20.59756944
20.61904762
20.64052579
20.66200397
20.68348214
20.70496032
20.72643849
20.74791667
20.76939484
20.79087302
20.81235119
20.83382937
20.85530754
20.87678571
20.89826389
20.91974206
20.94122024
20.96269841
20.98417659
21.00565476
21.02713294
21.04861111
21.07008929
21.09156746
21.11304563
21.13452381
21.15600198
21.17748016
21.19895833
21.22043651
21.24191468
21.26339286
21.28487103
21.30634921
21.32782738
21.34930556
21.37078373
21.3922619
21.41374008
21.43521825
21.45669643
21.4781746
21.49965278
21.52113095
21.54260913
21.5640873
21.58556548
21.60704365
21.62852183
Y
0.042929293
0.085858586
0.128787879
0.171717172
0.214646464
0.343434343
0.386363636
0.472222222
0.515151515
0.601010101
0.643939394
0.686868686
0.729797979
0.772727272
0.772727272
0.772727272
0.772727272
0.772727272
0.729797979
0.729797979
0.686868686
0.643939394
0.601010101
0.558080808
0.515151515
0.429292929
0.386363636
0.343434343
0.30050505
0.257575757
0.214646464
0.171717172
0.128787879
0.085858586
0.042929293
0.042929293
0
0
-0.042929293
-0.042929293
-0.085858586
-0.085858586
-0.085858586
-0.085858586
-0.085858586
-0.085858586
-0.042929293
-0.042929293
0
0.042929293
0.085858586
0.128787879
0.171717172
0.257575757
0.30050505
0.386363636
0.429292929
0.472222222
0.515151515
0.558080808
0.601010101
0.643939394
0.686868686
0.686868686
0.686868686
0.686868686
0.686868686
0.643939394
0.643939394
0.601010101
0.558080808
0.515151515
0.472222222
0.429292929
0.343434343
0.30050505
0.257575757
0.214646464
0.171717172
0.128787879
0.085858586
0.042929293
0
0
-0.042929293
-0.042929293
-0.085858586
-0.085858586
-0.128787879
-0.128787879
-0.128787879
-0.128787879
-0.128787879
-0.128787879
-0.128787879
-0.128787879
-0.085858586
-0.042929293
0
0.042929293
0.085858586
0.128787879
0.214646464
0.257575757
0.343434343
0.386363636
0.472222222
0.515151515
0.558080808
0.601010101
0.643939394
0.686868686
0.729797979
0.729797979
0.729797979
0.729797979
0.729797979
0.729797979
0.686868686
0.643939394
0.601010101
0.558080808
0.515151515
0.472222222
0.429292929
0.343434343
0.30050505
0.257575757
0.214646464
0.171717172
0.128787879
0.085858586
0.042929293
0.042929293
0
-0.042929293
-0.042929293
-0.085858586
-0.085858586
-0.128787879
-0.128787879
-0.128787879
-0.128787879
-0.128787879
-0.128787879
-0.128787879
-0.085858586
-0.042929293
-0.042929293
0
0.085858586
0.128787879
0.171717172
0.214646464
0.30050505
0.343434343
0.386363636
0.472222222
0.515151515
0.558080808
0.601010101
0.643939394
0.643939394
0.643939394
0.643939394
0.643939394
0.643939394
0.601010101
0.558080808
0.515151515
0.472222222
0.429292929
0.386363636
0.343434343
0.30050505
0.257575757
0.214646464
0.171717172
0.128787879
0.085858586
0.042929293
0.042929293
0
0
-0.042929293
-0.042929293
-0.085858586
-0.085858586
-0.128787879
-0.128787879
-0.128787879
-0.128787879
-0.128787879
-0.128787879
-0.128787879
-0.085858586
-0.085858586
-0.042929293
0
0.042929293
0.085858586
0.128787879
0.214646464
0.257575757
0.30050505
0.386363636
0.429292929
0.472222222
0.515151515
0.558080808
0.601010101
0.601010101
0.601010101
0.601010101
0.601010101
0.601010101
0.558080808
0.558080808
0.515151515
0.472222222
0.429292929
0.386363636
0.343434343
0.257575757
0.214646464
0.171717172
0.128787879
0.085858586
0.042929293
0
-0.042929293
-0.042929293
-0.085858586
-0.085858586
-0.128787879
-0.128787879
-0.171717172
-0.171717172
-0.171717172
-0.171717172
-0.171717172
-0.171717172
-0.171717172
-0.171717172
-0.128787879
-0.128787879
-0.085858586
-0.042929293
0
0.042929293
0.128787879
0.171717172
0.214646464
0.30050505
0.343434343
0.429292929
0.472222222
0.515151515
0.558080808
0.601010101
0.643939394
0.643939394
0.643939394
0.643939394
0.643939394
0.601010101
0.601010101
0.558080808
0.515151515
0.472222222
0.429292929
0.343434343
0.30050505
0.257575757
0.171717172
0.128787879
0.085858586
0.042929293
0
-0.042929293
-0.085858586
-0.128787879
-0.171717172
-0.171717172
-0.214646465
-0.214646465
-0.257575757
-0.257575757
-0.257575757
-0.257575757
-0.257575757
-0.257575757
-0.257575757
-0.257575757
-0.214646465
-0.171717172
-0.128787879
-0.085858586
-0.042929293
0.042929293
0.085858586
0.171717172
0.214646464
0.30050505
0.343434343
0.429292929
0.472222222
0.558080808
0.601010101
0.643939394
0.686868686
0.686868686
0.686868686
0.686868686
0.686868686
0.686868686
0.686868686
0.643939394
0.601010101
0.558080808
0.515151515
0.472222222
0.429292929
0.386363636
0.343434343
0.30050505
0.257575757
0.214646464
0.171717172
0.128787879
0.085858586
0.085858586
0.042929293
0
0
-0.042929293
-0.042929293
-0.085858586
-0.085858586
-0.085858586
-0.085858586
-0.085858586
-0.085858586
-0.085858586
-0.085858586
-0.042929293
-0.042929293
0
0.042929293
0.085858586
0.128787879
0.171717172
0.257575757
0.30050505
0.343434343
0.386363636
0.429292929
0.472222222
0.515151515
0.558080808
0.558080808
0.558080808
0.558080808
0.558080808
0.558080808
0.558080808
0.515151515
0.472222222
0.429292929
0.386363636
0.343434343
0.30050505
0.257575757
0.171717172
0.128787879
0.085858586
0.042929293
0
-0.042929293
-0.085858586
-0.128787879
-0.128787879
-0.171717172
-0.214646465
-0.214646465
-0.257575757
-0.257575757
-0.257575757
-0.257575757
-0.257575757
-0.257575757
-0.257575757
-0.257575757
-0.214646465
-0.214646465
-0.171717172
-0.128787879
-0.085858586
-0.042929293
0.042929293
0.085858586
0.171717172
0.214646464
0.30050505
0.343434343
0.429292929
0.472222222
0.558080808
0.601010101
0.643939394
0.686868686
0.686868686
0.686868686
0.686868686
0.686868686
0.686868686
0.643939394
0.643939394
0.601010101
0.558080808
0.515151515
0.472222222
0.429292929
0.386363636
0.343434343
0.30050505
0.257575757
0.214646464
0.171717172
0.128787879
0.128787879
0.085858586
0.042929293
0.042929293
0
0
-0.042929293
-0.042929293
-0.085858586
-0.085858586
-0.085858586
-0.085858586
-0.085858586
-0.085858586
-0.085858586
-0.042929293
-0.042929293
0
0.042929293
0.085858586
0.128787879
0.171717172
0.214646464
0.257575757
0.30050505
0.343434343
0.386363636
0.429292929
0.472222222
0.472222222
0.472222222
0.472222222
0.472222222
0.472222222
0.429292929
0.429292929
0.386363636
0.343434343
0.30050505
0.257575757
0.214646464
0.171717172
0.128787879
0.085858586
0.042929293
0
-0.042929293
-0.085858586
-0.128787879
-0.128787879
-0.171717172
-0.214646465
-0.214646465
-0.257575757
-0.257575757
-0.257575757
-0.257575757
-0.257575757
-0.257575757
-0.257575757
-0.257575757
-0.257575757
-0.214646465
-0.214646465
-0.171717172
-0.128787879
-0.085858586
-0.042929293
0.042929293
0.085858586
0.171717172
0.257575757
0.30050505
0.386363636
0.429292929
0.472222222
0.515151515
0.601010101
0.643939394
0.686868686
0.729797979
0.729797979
0.729797979
0.729797979
0.729797979
0.729797979
0.686868686
0.686868686
0.643939394
0.601010101
0.558080808
0.515151515
0.472222222
0.429292929
0.386363636
0.343434343
0.30050505
0.257575757
0.214646464
0.171717172
0.128787879
0.085858586
0.042929293
0
0
-0.042929293
-0.085858586
-0.085858586
-0.128787879
-0.128787879
-0.128787879
-0.128787879
-0.128787879
-0.128787879
-0.128787879
-0.128787879
-0.085858586
-0.042929293
0
0.042929293
0.085858586
0.128787879
0.171717172
0.257575757
0.30050505
0.343434343
0.429292929
0.472222222
0.515151515
0.558080808
0.601010101
0.601010101
0.601010101
0.601010101
0.601010101
0.601010101
0.558080808
0.558080808
0.515151515
0.472222222
0.429292929
0.386363636
0.343434343
0.30050505
0.257575757
0.214646464
0.171717172
0.128787879
0.128787879
0.085858586
0.042929293
0.042929293
0
0
-0.042929293
-0.042929293
-0.085858586
-0.085858586
-0.085858586
-0.085858586
-0.085858586
-0.085858586
-0.085858586
-0.085858586
-0.085858586
-0.042929293
-0.042929293
0
0.042929293
0.085858586
0.128787879
0.171717172
0.214646464
0.30050505
0.343434343
0.386363636
0.429292929
0.515151515
0.558080808
0.601010101
0.643939394
0.643939394
0.643939394
0.643939394
0.643939394
0.643939394
0.601010101
0.601010101
0.558080808
0.515151515
0.472222222
0.429292929
0.386363636
0.343434343
0.30050505
0.257575757
0.214646464
0.171717172
0.128787879
0.085858586
0.042929293
0.042929293
0
-0.042929293
-0.042929293
-0.085858586
-0.085858586
-0.128787879
-0.128787879
-0.171717172
-0.171717172
-0.171717172
-0.171717172
-0.171717172
-0.171717172
-0.128787879
-0.128787879
-0.085858586
-0.042929293
0
0.042929293
0.085858586
0.171717172
0.214646464
0.30050505
0.343434343
0.429292929
0.472222222
0.515151515
0.558080808
0.601010101
0.643939394
0.643939394
0.643939394
0.643939394
0.643939394
0.643939394
0.601010101
0.558080808
0.515151515
0.472222222
0.429292929
0.386363636
0.343434343
0.30050505
0.257575757
0.214646464
0.171717172
0.128787879
0.085858586
0.085858586
0.042929293
0
0
-0.042929293
-0.042929293
-0.085858586
-0.085858586
-0.128787879
-0.128787879
-0.128787879
-0.128787879
-0.128787879
-0.128787879
-0.128787879
-0.128787879
-0.085858586
-0.085858586
-0.042929293
0
0.042929293
0.085858586
0.128787879
0.214646464
0.257575757
0.30050505
0.343434343
0.386363636
0.429292929
0.472222222
0.515151515
0.515151515
0.515151515
0.515151515
0.515151515
0.515151515
0.472222222
0.472222222
0.429292929
0.386363636
0.343434343
0.30050505
0.257575757
0.214646464
0.171717172
0.128787879
0.085858586
0.042929293
0
-0.042929293
-0.085858586
-0.128787879
-0.128787879
-0.171717172
-0.171717172
-0.214646465
-0.214646465
-0.257575757
-0.257575757
-0.257575757
-0.257575757
-0.257575757
-0.257575757
-0.257575757
-0.257575757
-0.214646465
-0.171717172
-0.128787879
-0.085858586
-0.042929293
0
0.085858586
0.128787879
0.214646464
0.257575757
0.343434343
0.386363636
0.429292929
0.472222222
0.515151515
0.558080808
0.558080808
0.558080808
0.558080808
0.558080808
0.558080808
0.558080808
0.515151515
0.472222222
0.429292929
0.386363636
0.343434343
0.30050505
0.257575757
0.214646464
0.171717172
0.128787879
0.085858586
0.042929293
0
-0.042929293
-0.085858586
-0.085858586
-0.128787879
-0.171717172
-0.171717172
-0.214646465
-0.214646465
-0.257575757
-0.257575757
-0.257575757
-0.257575757
-0.257575757
-0.257575757
-0.257575757
-0.257575757
-0.214646465
-0.171717172
-0.128787879
-0.085858586
-0.042929293
0
0.085858586
0.128787879
0.214646464
0.257575757
0.343434343
0.386363636
0.429292929
0.472222222
0.515151515
0.558080808
0.558080808
0.558080808
0.558080808
0.558080808
0.515151515
0.515151515
0.472222222
0.429292929
0.386363636
0.343434343
0.30050505
0.257575757
0.214646464
0.171717172
0.128787879
0.085858586
0.042929293
0
-0.042929293
-0.042929293
-0.085858586
-0.085858586
-0.128787879
-0.128787879
-0.171717172
-0.171717172
-0.171717172
-0.171717172
-0.171717172
-0.171717172
-0.171717172
-0.171717172
-0.171717172
-0.128787879
-0.085858586
-0.042929293
0
0.042929293
0.085858586
0.171717172
0.214646464
0.257575757
0.343434343
0.386363636
0.429292929
0.472222222
0.515151515
0.558080808
0.601010101
0.601010101
0.601010101
0.601010101
0.601010101
0.601010101
0.558080808
0.515151515
0.472222222
0.429292929
0.386363636
0.343434343
0.30050505
0.257575757
0.214646464
0.171717172
0.128787879
0.085858586
0.042929293
0
-0.042929293
-0.042929293
-0.085858586
-0.085858586
-0.128787879
-0.128787879
-0.171717172
-0.171717172
-0.214646465
-0.214646465
-0.214646465
-0.214646465
-0.214646465
-0.214646465
-0.214646465
-0.171717172
-0.128787879
-0.085858586
-0.042929293
0
0.042929293
0.128787879
0.171717172
0.257575757
0.30050505
0.386363636
0.429292929
0.472222222
0.515151515
0.558080808
0.601010101
0.601010101
0.601010101
0.601010101
0.601010101
0.601010101
0.558080808
0.558080808
0.515151515
0.472222222
0.429292929
0.386363636
0.30050505
0.257575757
0.214646464
0.171717172
0.128787879
0.085858586
0.042929293
0
-0.042929293
-0.042929293
-0.085858586
-0.085858586
-0.128787879
-0.128787879
-0.171717172
-0.171717172
-0.171717172
-0.171717172
-0.171717172
-0.171717172
-0.171717172
-0.171717172
-0.128787879
-0.128787879
-0.085858586
-0.042929293
0
0.042929293
0.085858586
0.171717172
0.214646464
0.257575757
0.343434343
0.386363636
0.429292929
0.472222222
0.515151515
0.558080808
0.558080808
0.558080808
0.558080808
0.558080808
0.558080808
0.515151515
0.515151515
0.472222222
0.429292929
0.386363636
0.343434343
0.30050505
0.257575757
0.214646464
0.171717172
0.128787879
0.085858586
0.042929293
0
-0.042929293
-0.042929293
-0.085858586
-0.128787879
-0.128787879
-0.171717172
-0.171717172
-0.214646465
-0.214646465
-0.214646465
-0.214646465
-0.214646465
-0.214646465
-0.214646465
-0.171717172
-0.171717172
-0.128787879
-0.085858586
-0.042929293
0
0.085858586
0.128787879
0.214646464
0.257575757
0.343434343
0.386363636
0.472222222
0.515151515
0.558080808

