X
0
0.018571429
0.037142857
0.055714286
0.074285714
0.092857143
0.111428571
0.13
0.148571429
0.167142857
0.185714286
0.204285714
0.222857143
0.241428571
0.26
0.278571429
0.297142857
0.315714286
0.334285714
0.352857143
0.371428571
0.39
0.408571429
0.427142857
0.445714286
0.464285714
0.482857143
0.501428571
0.52
0.538571429
0.557142857
0.575714286
0.594285714
0.612857143
0.631428571
0.65
0.668571429
0.687142857
0.705714286
0.724285714
0.742857143
0.761428571
0.78
0.798571429
0.817142857
0.835714286
0.854285714
0.872857143
0.891428571
0.91
0.928571429
0.947142857
0.965714286
0.984285714
1.002857143
1.021428571
1.04
1.058571429
1.077142857
1.095714286
1.114285714
1.132857143
1.151428571
1.17
1.188571429
1.207142857
1.225714286
1.244285714
1.262857143
1.281428571
1.3
1.318571429
1.337142857
1.355714286
1.374285714
1.392857143
1.411428571
1.43
1.448571429
1.467142857
1.485714286
1.504285714
1.522857143
1.541428571
1.56
1.578571429
1.597142857
1.615714286
1.634285714
1.652857143
1.671428571
1.69
1.708571429
1.727142857
1.745714286
1.764285714
1.782857143
1.801428571
1.82
1.838571429
1.857142857
1.875714286
1.894285714
1.912857143
1.931428571
1.95
1.968571429
1.987142857
2.005714286
2.024285714
2.042857143
2.061428571
2.08
2.098571429
2.117142857
2.135714286
2.154285714
2.172857143
2.191428571
2.21
2.228571429
2.247142857
2.265714286
2.284285714
2.302857143
2.321428571
2.34
2.358571429
2.377142857
2.395714286
2.414285714
2.432857143
2.451428571
2.47
2.488571429
2.507142857
2.525714286
2.544285714
2.562857143
2.581428571
2.6
2.618571429
2.637142857
2.655714286
2.674285714
2.692857143
2.711428571
2.73
2.748571429
2.767142857
2.785714286
2.804285714
2.822857143
2.841428571
2.86
2.878571429
2.897142857
2.915714286
2.934285714
2.952857143
2.971428571
2.99
3.008571429
3.027142857
3.045714286
3.064285714
3.082857143
3.101428571
3.12
3.138571429
3.157142857
3.175714286
3.194285714
3.212857143
3.231428571
3.25
3.268571429
3.287142857
3.305714286
3.324285714
3.342857143
3.361428571
3.38
3.398571429
3.417142857
3.435714286
3.454285714
3.472857143
3.491428571
3.51
3.528571429
3.547142857
3.565714286
3.584285714
3.602857143
3.621428571
3.64
3.658571429
3.677142857
3.695714286
3.714285714
3.732857143
3.751428571
3.77
3.788571429
3.807142857
3.825714286
3.844285714
3.862857143
3.881428571
3.9
3.918571429
3.937142857
3.955714286
3.974285714
3.992857143
4.011428571
4.03
4.048571429
4.067142857
4.085714286
4.104285714
4.122857143
4.141428571
4.16
4.178571429
4.197142857
4.215714286
4.234285714
4.252857143
4.271428571
4.29
4.308571429
4.327142857
4.345714286
4.364285714
4.382857143
4.401428571
4.42
4.438571429
4.457142857
4.475714286
4.494285714
4.512857143
4.531428571
4.55
4.568571429
4.587142857
4.605714286
4.624285714
4.642857143
4.661428571
4.68
4.698571429
4.717142857
4.735714286
4.754285714
4.772857143
4.791428571
4.81
4.828571429
4.847142857
4.865714286
4.884285714
4.902857143
4.921428571
4.94
4.958571429
4.977142857
4.995714286
5.014285714
5.032857143
5.051428571
5.07
5.088571429
5.107142857
5.125714286
5.144285714
5.162857143
5.181428571
5.2
5.218571429
5.237142857
5.255714286
5.274285714
5.292857143
5.311428571
5.33
5.348571429
5.367142857
5.385714286
5.404285714
5.422857143
5.441428571
5.46
5.478571429
5.497142857
5.515714286
5.534285714
5.552857143
5.571428571
5.59
5.608571429
5.627142857
5.645714286
5.664285714
5.682857143
5.701428571
5.72
5.738571429
5.757142857
5.775714286
5.794285714
5.812857143
5.831428571
5.85
5.868571429
5.887142857
5.905714286
5.924285714
5.942857143
5.961428571
5.98
5.998571429
6.017142857
6.035714286
6.054285714
6.072857143
6.091428571
6.11
6.128571429
6.147142857
6.165714286
6.184285714
6.202857143
6.221428571
6.24
6.258571429
6.277142857
6.295714286
6.314285714
6.332857143
6.351428571
6.37
6.388571429
6.407142857
6.425714286
6.444285714
6.462857143
6.481428571
6.5
6.518571429
6.537142857
6.555714286
6.574285714
6.592857143
6.611428571
6.63
6.648571429
6.667142857
6.685714286
6.704285714
6.722857143
6.741428571
6.76
6.778571429
6.797142857
6.815714286
6.834285714
6.852857143
6.871428571
6.89
6.908571429
6.927142857
6.945714286
6.964285714
6.982857143
7.001428571
7.02
7.038571429
7.057142857
7.075714286
7.094285714
7.112857143
7.131428571
7.15
7.168571429
7.187142857
7.205714286
7.224285714
7.242857143
7.261428571
7.28
7.298571429
7.317142857
7.335714286
7.354285714
7.372857143
7.391428571
7.41
7.428571429
7.447142857
7.465714286
7.484285714
7.502857143
7.521428571
7.54
7.558571429
7.577142857
7.595714286
7.614285714
7.632857143
7.651428571
7.67
7.688571429
7.707142857
7.725714286
7.744285714
7.762857143
7.781428571
7.8
7.818571429
7.837142857
7.855714286
7.874285714
7.892857143
7.911428571
7.93
7.948571429
7.967142857
7.985714286
8.004285714
8.022857143
8.041428571
8.06
8.078571429
8.097142857
8.115714286
8.134285714
8.152857143
8.171428571
8.19
8.208571429
8.227142857
8.245714286
8.264285714
8.282857143
8.301428571
8.32
8.338571429
8.357142857
8.375714286
8.394285714
8.412857143
8.431428571
8.45
8.468571429
8.487142857
8.505714286
8.524285714
8.542857143
8.561428571
8.58
8.598571429
8.617142857
8.635714286
8.654285714
8.672857143
8.691428571
8.71
8.728571429
8.747142857
8.765714286
8.784285714
8.802857143
8.821428571
8.84
8.858571429
8.877142857
8.895714286
8.914285714
8.932857143
8.951428571
8.97
8.988571429
9.007142857
9.025714286
9.044285714
9.062857143
9.081428571
9.1
9.118571429
9.137142857
9.155714286
9.174285714
9.192857143
9.211428571
9.23
9.248571429
9.267142857
9.285714286
9.304285714
9.322857143
9.341428571
9.36
9.378571429
9.397142857
9.415714286
9.434285714
9.452857143
9.471428571
9.49
9.508571429
9.527142857
9.545714286
9.564285714
9.582857143
9.601428571
9.62
9.638571429
9.657142857
9.675714286
9.694285714
9.712857143
9.731428571
9.75
9.768571429
9.787142857
9.805714286
9.824285714
9.842857143
9.861428571
9.88
9.898571429
9.917142857
9.935714286
9.954285714
9.972857143
9.991428571
10.01
10.02857143
10.04714286
10.06571429
10.08428571
10.10285714
10.12142857
10.14
10.15857143
10.17714286
10.19571429
10.21428571
10.23285714
10.25142857
10.27
10.28857143
10.30714286
10.32571429
10.34428571
10.36285714
10.38142857
10.4
10.41857143
10.43714286
10.45571429
10.47428571
10.49285714
10.51142857
10.53
10.54857143
10.56714286
10.58571429
10.60428571
10.62285714
10.64142857
10.66
10.67857143
10.69714286
10.71571429
10.73428571
10.75285714
10.77142857
10.79
10.80857143
10.82714286
10.84571429
10.86428571
10.88285714
10.90142857
10.92
10.93857143
10.95714286
10.97571429
10.99428571
11.01285714
11.03142857
11.05
11.06857143
11.08714286
11.10571429
11.12428571
11.14285714
11.16142857
11.18
11.19857143
11.21714286
11.23571429
11.25428571
11.27285714
11.29142857
11.31
11.32857143
11.34714286
11.36571429
11.38428571
11.40285714
11.42142857
11.44
11.45857143
11.47714286
11.49571429
11.51428571
11.53285714
11.55142857
11.57
11.58857143
11.60714286
11.62571429
11.64428571
11.66285714
11.68142857
11.7
11.71857143
11.73714286
11.75571429
11.77428571
11.79285714
11.81142857
11.83
11.84857143
11.86714286
11.88571429
11.90428571
11.92285714
11.94142857
11.96
11.97857143
11.99714286
12.01571429
12.03428571
12.05285714
12.07142857
12.09
12.10857143
12.12714286
12.14571429
12.16428571
12.18285714
12.20142857
12.22
12.23857143
12.25714286
12.27571429
12.29428571
12.31285714
12.33142857
12.35
12.36857143
12.38714286
12.40571429
12.42428571
12.44285714
12.46142857
12.48
12.49857143
12.51714286
12.53571429
12.55428571
12.57285714
12.59142857
12.61
12.62857143
12.64714286
12.66571429
12.68428571
12.70285714
12.72142857
12.74
12.75857143
12.77714286
12.79571429
12.81428571
12.83285714
12.85142857
12.87
12.88857143
12.90714286
12.92571429
12.94428571
12.96285714
12.98142857
13
13.01857143
13.03714286
13.05571429
13.07428571
13.09285714
13.11142857
13.13
13.14857143
13.16714286
13.18571429
13.20428571
13.22285714
13.24142857
13.26
13.27857143
13.29714286
13.31571429
13.33428571
13.35285714
13.37142857
13.39
13.40857143
13.42714286
13.44571429
13.46428571
13.48285714
13.50142857
13.52
13.53857143
13.55714286
13.57571429
13.59428571
13.61285714
13.63142857
13.65
13.66857143
13.68714286
13.70571429
13.72428571
13.74285714
13.76142857
13.78
13.79857143
13.81714286
13.83571429
13.85428571
13.87285714
13.89142857
13.91
13.92857143
13.94714286
13.96571429
13.98428571
14.00285714
14.02142857
14.04
14.05857143
14.07714286
14.09571429
14.11428571
14.13285714
14.15142857
14.17
14.18857143
14.20714286
14.22571429
14.24428571
14.26285714
14.28142857
14.3
14.31857143
14.33714286
14.35571429
14.37428571
14.39285714
14.41142857
14.43
14.44857143
14.46714286
14.48571429
14.50428571
14.52285714
14.54142857
14.56
14.57857143
14.59714286
14.61571429
14.63428571
14.65285714
14.67142857
14.69
14.70857143
14.72714286
14.74571429
14.76428571
14.78285714
14.80142857
14.82
14.83857143
14.85714286
14.87571429
14.89428571
14.91285714
14.93142857
14.95
14.96857143
14.98714286
15.00571429
15.02428571
15.04285714
15.06142857
15.08
15.09857143
15.11714286
15.13571429
15.15428571
15.17285714
15.19142857
15.21
15.22857143
15.24714286
15.26571429
15.28428571
15.30285714
15.32142857
15.34
15.35857143
15.37714286
15.39571429
15.41428571
15.43285714
15.45142857
15.47
15.48857143
15.50714286
15.52571429
15.54428571
15.56285714
15.58142857
15.6
15.61857143
15.63714286
15.65571429
15.67428571
15.69285714
15.71142857
15.73
15.74857143
15.76714286
15.78571429
15.80428571
15.82285714
15.84142857
15.86
15.87857143
15.89714286
15.91571429
15.93428571
15.95285714
15.97142857
15.99
16.00857143
16.02714286
16.04571429
16.06428571
16.08285714
16.10142857
16.12
16.13857143
16.15714286
16.17571429
16.19428571
16.21285714
16.23142857
16.25
16.26857143
16.28714286
16.30571429
16.32428571
16.34285714
16.36142857
16.38
16.39857143
16.41714286
16.43571429
16.45428571
16.47285714
16.49142857
16.51
16.52857143
16.54714286
16.56571429
16.58428571
16.60285714
16.62142857
16.64
16.65857143
16.67714286
16.69571429
16.71428571
16.73285714
16.75142857
16.77
16.78857143
16.80714286
16.82571429
16.84428571
16.86285714
16.88142857
16.9
16.91857143
16.93714286
16.95571429
16.97428571
16.99285714
17.01142857
17.03
17.04857143
17.06714286
17.08571429
17.10428571
17.12285714
17.14142857
17.16
17.17857143
17.19714286
17.21571429
17.23428571
17.25285714
17.27142857
17.29
17.30857143
17.32714286
17.34571429
17.36428571
17.38285714
17.40142857
17.42
17.43857143
17.45714286
17.47571429
17.49428571
17.51285714
17.53142857
17.55
17.56857143
17.58714286
17.60571429
17.62428571
17.64285714
17.66142857
17.68
17.69857143
17.71714286
17.73571429
17.75428571
17.77285714
17.79142857
17.81
17.82857143
17.84714286
17.86571429
17.88428571
17.90285714
17.92142857
17.94
17.95857143
17.97714286
17.99571429
18.01428571
18.03285714
18.05142857
18.07
18.08857143
18.10714286
18.12571429
18.14428571
18.16285714
18.18142857
18.2
18.21857143
18.23714286
18.25571429
18.27428571
18.29285714
18.31142857
18.33
18.34857143
18.36714286
18.38571429
18.40428571
18.42285714
18.44142857
18.46
18.47857143
18.49714286
18.51571429
18.53428571
18.55285714
18.57142857
18.59
18.60857143
18.62714286
18.64571429
18.66428571
18.68285714
18.70142857
Y
0.047916667
0.095833333
0.095833333
0.14375
0.191666667
0.2875
0.335416667
0.383333334
0.43125
0.479166667
0.527083334
0.575
0.575
0.575
0.575
0.575
0.575
0.575
0.575
0.527083334
0.479166667
0.43125
0.383333334
0.335416667
0.2875
0.239583334
0.191666667
0.14375
0.095833333
0.047916667
0
-0.047916667
-0.095833333
-0.14375
-0.191666667
-0.191666667
-0.239583333
-0.239583333
-0.2875
-0.2875
-0.2875
-0.2875
-0.2875
-0.2875
-0.239583333
-0.239583333
-0.191666667
-0.14375
-0.095833333
-0.047916667
0
0.095833333
0.14375
0.191666667
0.239583334
0.2875
0.335416667
0.383333334
0.43125
0.479166667
0.527083334
0.575
0.575
0.575
0.575
0.575
0.575
0.575
0.527083334
0.527083334
0.479166667
0.43125
0.383333334
0.2875
0.239583334
0.191666667
0.14375
0.095833333
0.047916667
0
-0.047916667
-0.095833333
-0.14375
-0.191666667
-0.239583333
-0.239583333
-0.2875
-0.2875
-0.335416667
-0.335416667
-0.335416667
-0.335416667
-0.335416667
-0.2875
-0.2875
-0.239583333
-0.191666667
-0.14375
-0.095833333
0
0.047916667
0.095833333
0.191666667
0.239583334
0.2875
0.335416667
0.383333334
0.43125
0.479166667
0.527083334
0.575
0.622916667
0.622916667
0.622916667
0.622916667
0.622916667
0.622916667
0.622916667
0.575
0.575
0.527083334
0.479166667
0.43125
0.383333334
0.335416667
0.2875
0.239583334
0.191666667
0.14375
0.095833333
0.047916667
0
-0.047916667
-0.047916667
-0.095833333
-0.14375
-0.14375
-0.191666667
-0.191666667
-0.191666667
-0.191666667
-0.191666667
-0.191666667
-0.191666667
-0.14375
-0.14375
-0.095833333
-0.047916667
0
0.047916667
0.095833333
0.14375
0.191666667
0.239583334
0.2875
0.335416667
0.383333334
0.43125
0.479166667
0.479166667
0.527083334
0.527083334
0.527083334
0.527083334
0.527083334
0.527083334
0.527083334
0.479166667
0.43125
0.383333334
0.335416667
0.2875
0.239583334
0.191666667
0.095833333
0.047916667
0
-0.047916667
-0.095833333
-0.14375
-0.191666667
-0.239583333
-0.2875
-0.2875
-0.335416667
-0.335416667
-0.383333334
-0.383333334
-0.383333334
-0.383333334
-0.383333334
-0.383333334
-0.335416667
-0.335416667
-0.2875
-0.239583333
-0.191666667
-0.095833333
-0.047916667
0
0.095833333
0.14375
0.239583334
0.2875
0.335416667
0.383333334
0.43125
0.479166667
0.527083334
0.575
0.622916667
0.670833334
0.670833334
0.670833334
0.670833334
0.670833334
0.622916667
0.622916667
0.575
0.527083334
0.479166667
0.43125
0.335416667
0.2875
0.239583334
0.191666667
0.095833333
0.047916667
0
-0.047916667
-0.095833333
-0.14375
-0.191666667
-0.239583333
-0.2875
-0.2875
-0.335416667
-0.335416667
-0.335416667
-0.335416667
-0.335416667
-0.335416667
-0.335416667
-0.2875
-0.2875
-0.239583333
-0.191666667
-0.14375
-0.095833333
0
0.047916667
0.095833333
0.14375
0.239583334
0.2875
0.335416667
0.383333334
0.43125
0.479166667
0.527083334
0.575
0.622916667
0.622916667
0.622916667
0.622916667
0.622916667
0.622916667
0.622916667
0.575
0.527083334
0.479166667
0.43125
0.383333334
0.335416667
0.2875
0.239583334
0.191666667
0.14375
0.095833333
0.047916667
0
-0.047916667
-0.095833333
-0.14375
-0.191666667
-0.239583333
-0.239583333
-0.2875
-0.2875
-0.2875
-0.2875
-0.2875
-0.2875
-0.2875
-0.239583333
-0.239583333
-0.191666667
-0.14375
-0.095833333
-0.047916667
0
0.047916667
0.14375
0.191666667
0.239583334
0.2875
0.335416667
0.383333334
0.43125
0.479166667
0.527083334
0.575
0.622916667
0.622916667
0.622916667
0.622916667
0.622916667
0.622916667
0.575
0.575
0.527083334
0.479166667
0.43125
0.383333334
0.335416667
0.2875
0.239583334
0.191666667
0.14375
0.095833333
0.047916667
0
-0.047916667
-0.095833333
-0.14375
-0.14375
-0.191666667
-0.191666667
-0.239583333
-0.239583333
-0.239583333
-0.239583333
-0.239583333
-0.191666667
-0.191666667
-0.14375
-0.095833333
-0.047916667
0
0.047916667
0.095833333
0.14375
0.239583334
0.2875
0.335416667
0.383333334
0.43125
0.479166667
0.527083334
0.575
0.622916667
0.670833334
0.670833334
0.670833334
0.670833334
0.670833334
0.670833334
0.670833334
0.622916667
0.622916667
0.575
0.527083334
0.479166667
0.43125
0.383333334
0.335416667
0.2875
0.239583334
0.191666667
0.14375
0.095833333
0.047916667
0
-0.047916667
-0.095833333
-0.14375
-0.14375
-0.191666667
-0.191666667
-0.191666667
-0.191666667
-0.191666667
-0.191666667
-0.191666667
-0.14375
-0.14375
-0.095833333
-0.047916667
0
0.047916667
0.095833333
0.14375
0.191666667
0.239583334
0.2875
0.335416667
0.383333334
0.43125
0.479166667
0.527083334
0.575
0.622916667
0.670833334
0.670833334
0.670833334
0.670833334
0.670833334
0.670833334
0.670833334
0.622916667
0.575
0.527083334
0.479166667
0.43125
0.383333334
0.335416667
0.2875
0.239583334
0.191666667
0.14375
0.047916667
0
-0.047916667
-0.095833333
-0.14375
-0.191666667
-0.191666667
-0.239583333
-0.239583333
-0.239583333
-0.239583333
-0.239583333
-0.239583333
-0.239583333
-0.191666667
-0.14375
-0.095833333
-0.047916667
0
0.047916667
0.095833333
0.14375
0.239583334
0.2875
0.335416667
0.383333334
0.479166667
0.527083334
0.575
0.622916667
0.670833334
0.718750001
0.766666667
0.814583334
0.814583334
0.814583334
0.814583334
0.814583334
0.814583334
0.766666667
0.718750001
0.670833334
0.622916667
0.575
0.527083334
0.479166667
0.43125
0.335416667
0.2875
0.239583334
0.14375
0.095833333
0.047916667
0
-0.047916667
-0.095833333
-0.14375
-0.191666667
-0.191666667
-0.239583333
-0.239583333
-0.239583333
-0.239583333
-0.239583333
-0.191666667
-0.191666667
-0.14375
-0.095833333
-0.047916667
0
0.047916667
0.095833333
0.14375
0.191666667
0.239583334
0.2875
0.383333334
0.43125
0.479166667
0.527083334
0.575
0.622916667
0.670833334
0.718750001
0.718750001
0.718750001
0.718750001
0.718750001
0.718750001
0.718750001
0.670833334
0.622916667
0.575
0.527083334
0.479166667
0.43125
0.383333334
0.335416667
0.2875
0.191666667
0.14375
0.095833333
0.047916667
0
-0.047916667
-0.095833333
-0.14375
-0.191666667
-0.191666667
-0.239583333
-0.239583333
-0.239583333
-0.239583333
-0.239583333
-0.239583333
-0.191666667
-0.191666667
-0.14375
-0.095833333
-0.047916667
0
0.047916667
0.14375
0.191666667
0.239583334
0.2875
0.383333334
0.43125
0.479166667
0.527083334
0.575
0.622916667
0.670833334
0.718750001
0.766666667
0.766666667
0.766666667
0.766666667
0.766666667
0.766666667
0.718750001
0.670833334
0.622916667
0.575
0.527083334
0.479166667
0.43125
0.335416667
0.2875
0.239583334
0.14375
0.095833333
0.047916667
-0.047916667
-0.095833333
-0.14375
-0.191666667
-0.239583333
-0.2875
-0.2875
-0.335416667
-0.335416667
-0.335416667
-0.335416667
-0.335416667
-0.335416667
-0.2875
-0.239583333
-0.191666667
-0.14375
-0.095833333
-0.047916667
0.047916667
0.095833333
0.191666667
0.239583334
0.2875
0.383333334
0.43125
0.527083334
0.575
0.622916667
0.670833334
0.718750001
0.766666667
0.814583334
0.814583334
0.814583334
0.814583334
0.814583334
0.766666667
0.766666667
0.718750001
0.670833334
0.622916667
0.575
0.527083334
0.479166667
0.43125
0.383333334
0.335416667
0.2875
0.239583334
0.191666667
0.14375
0.095833333
0.047916667
0
-0.047916667
-0.047916667
-0.095833333
-0.095833333
-0.095833333
-0.095833333
-0.095833333
-0.095833333
-0.095833333
-0.047916667
0
0.047916667
0.095833333
0.14375
0.191666667
0.239583334
0.2875
0.335416667
0.383333334
0.43125
0.479166667
0.527083334
0.575
0.622916667
0.670833334
0.718750001
0.718750001
0.718750001
0.718750001
0.718750001
0.718750001
0.718750001
0.670833334
0.622916667
0.575
0.527083334
0.479166667
0.43125
0.383333334
0.335416667
0.239583334
0.191666667
0.14375
0.095833333
0
-0.047916667
-0.095833333
-0.14375
-0.191666667
-0.239583333
-0.239583333
-0.2875
-0.2875
-0.2875
-0.2875
-0.2875
-0.2875
-0.239583333
-0.191666667
-0.14375
-0.095833333
-0.047916667
0
0.095833333
0.14375
0.239583334
0.2875
0.383333334
0.43125
0.527083334
0.575
0.670833334
0.718750001
0.766666667
0.814583334
0.862500001
0.910416667
0.910416667
0.910416667
0.910416667
0.910416667
0.910416667
0.862500001
0.814583334
0.766666667
0.718750001
0.670833334
0.622916667
0.575
0.527083334
0.43125
0.383333334
0.335416667
0.2875
0.191666667
0.14375
0.095833333
0.047916667
0
-0.047916667
-0.095833333
-0.14375
-0.14375
-0.14375
-0.14375
-0.14375
-0.14375
-0.14375
-0.095833333
-0.095833333
-0.047916667
0
0.047916667
0.095833333
0.191666667
0.239583334
0.2875
0.383333334
0.43125
0.479166667
0.527083334
0.575
0.622916667
0.670833334
0.718750001
0.766666667
0.766666667
0.766666667
0.766666667
0.766666667
0.766666667
0.718750001
0.718750001
0.670833334
0.622916667
0.575
0.527083334
0.479166667
0.43125
0.335416667
0.2875
0.239583334
0.191666667
0.14375
0.095833333
0.047916667
0
-0.047916667
-0.095833333
-0.095833333
-0.14375
-0.14375
-0.14375
-0.14375
-0.14375
-0.14375
-0.14375
-0.095833333
-0.047916667
0
0.047916667
0.095833333
0.14375
0.239583334
0.2875
0.383333334
0.43125
0.479166667
0.575
0.622916667
0.670833334
0.718750001
0.766666667
0.814583334
0.862500001
0.910416667
0.910416667
0.910416667
0.910416667
0.910416667
0.910416667
0.862500001
0.814583334
0.766666667
0.718750001
0.670833334
0.622916667
0.575
0.527083334
0.43125
0.383333334
0.335416667
0.2875
0.239583334
0.191666667
0.14375
0.095833333
0.047916667
0
0
-0.047916667
-0.047916667
-0.047916667
-0.047916667
-0.047916667
-0.047916667
-0.047916667
0
0.047916667
0.095833333
0.14375
0.191666667
0.239583334
0.335416667
0.383333334
0.479166667
0.527083334
0.575
0.670833334
0.718750001
0.766666667
0.814583334
0.862500001
0.910416667
0.958333334
1.006250001
1.006250001
1.006250001
1.006250001
1.006250001
1.006250001
0.958333334
0.910416667
0.862500001
0.814583334
0.766666667
0.718750001
0.622916667
0.575
0.527083334
0.43125
0.383333334
0.335416667
0.239583334
0.191666667
0.14375
0.095833333
0.047916667
0
0
-0.047916667
-0.047916667
-0.047916667
-0.047916667
-0.047916667
-0.047916667
-0.047916667
0
0.047916667
0.095833333
0.14375
0.191666667
0.2875
0.335416667
0.43125
0.479166667
0.527083334
0.575
0.670833334
0.718750001
0.766666667
0.814583334
0.862500001
0.910416667
0.958333334
0.958333334
0.958333334
0.958333334
0.958333334
0.958333334
0.958333334
0.910416667
0.862500001
0.814583334
0.766666667
0.718750001
0.670833334
0.622916667
0.575
0.527083334
0.479166667
0.43125
0.383333334
0.335416667
0.2875
0.239583334
0.191666667
0.191666667
0.14375
0.14375
0.095833333
0.095833333
0.095833333
0.095833333
0.095833333
0.095833333
0.14375
0.191666667
0.239583334
0.2875
0.335416667
0.383333334
0.43125
0.527083334
0.575
0.622916667
0.670833334
0.718750001
0.766666667
0.814583334
0.862500001
0.910416667
0.958333334
1.006250001
1.006250001
1.006250001
1.006250001
1.006250001
1.006250001
0.958333334
0.958333334
0.910416667
0.862500001
0.814583334
0.766666667
0.718750001
0.622916667
0.575
0.527083334
0.479166667
0.43125
0.335416667
0.2875
0.239583334
0.191666667
0.14375
0.095833333
0.047916667
0.047916667
0
0
0
0
0
0
0.047916667
0.095833333
0.14375
0.191666667
0.239583334
0.335416667
0.383333334
0.479166667
0.527083334
0.622916667
0.670833334
0.766666667
0.814583334
0.862500001
0.910416667

